##FastQC	0.11.8
>>Basic Statistics	pass
#Measure	Value
Filename	SRR3306349_2.fastq.gz
File type	Conventional base calls
Encoding	Sanger / Illumina 1.9
Total Sequences	7680663
Sequences flagged as poor quality	0
Sequence length	35-151
%GC	38
>>END_MODULE
>>Per base sequence quality	fail
#Base	Mean	Median	Lower Quartile	Upper Quartile	10th Percentile	90th Percentile
1	29.183205668573144	32.0	29.0	33.0	16.0	33.0
2	29.69727183707969	32.0	30.0	33.0	16.0	33.0
3	30.35402764058259	32.0	32.0	33.0	18.0	33.0
4	30.52360909468362	32.0	32.0	33.0	18.0	33.0
5	30.602702396915475	32.0	32.0	33.0	18.0	33.0
6	32.73965711033019	37.0	32.0	37.0	18.0	37.0
7	32.8598299391602	37.0	33.0	37.0	18.0	37.0
8	32.85334208778591	37.0	32.0	37.0	18.0	37.0
9	33.505998375400665	37.0	33.0	37.0	19.0	37.0
10-14	33.48469307923027	37.0	33.2	37.4	18.0	37.4
15-19	34.472605190463376	37.8	34.8	38.0	18.2	38.0
20-24	34.399951202129294	37.8	34.2	38.4	18.0	38.4
25-29	34.71929972711991	37.8	34.8	39.0	18.2	39.0
30-34	34.36128904496916	37.4	34.2	39.0	17.6	39.0
35-39	33.579272986993736	37.0	33.0	38.6	17.0	39.0
40-44	33.97984863459946	37.2	33.4	39.0	17.0	39.0
45-49	33.3622417803369	37.0	33.0	38.2	17.0	39.0
50-54	33.16887031146549	37.0	32.8	38.0	16.4	39.0
55-59	33.01118154395242	37.0	32.4	38.0	16.0	39.0
60-64	32.76060520850787	37.0	32.0	38.0	16.0	39.0
65-69	32.44734481949791	37.0	32.0	38.0	16.0	39.0
70-74	32.044793079470104	36.8	31.2	38.0	16.0	39.0
75-79	31.546854841361107	36.0	28.8	38.0	16.0	39.0
80-84	31.121656435567854	36.0	20.0	38.0	16.0	39.0
85-89	30.580660221082166	35.4	19.4	38.0	16.0	39.0
90-94	29.980226497672653	34.2	18.4	37.0	16.0	39.0
95-99	29.34960251144081	33.0	18.0	37.0	16.0	38.4
100-104	28.77239870711555	33.0	18.0	37.0	16.0	38.0
105-109	28.104162218998503	32.8	17.6	37.0	15.0	38.0
110-114	27.4617288034891	30.6	17.0	37.0	15.0	38.0
115-119	26.786673505820932	30.0	17.0	36.4	14.6	38.0
120-124	26.139337720657057	29.4	16.6	35.8	14.0	38.0
125-129	25.472362827618237	27.2	16.0	34.4	14.0	37.2
130-134	24.854379880224144	20.6	16.0	33.0	14.0	37.0
135-139	24.165853769419964	19.0	16.0	33.0	14.0	37.0
140-144	23.55535829107624	18.0	16.0	32.8	14.0	37.0
145-149	22.880956878259425	17.4	15.8	31.0	14.0	37.0
150-151	21.50091091561966	17.0	15.0	29.0	14.0	35.0
>>END_MODULE
>>Per sequence quality scores	pass
#Quality	Count
2	1108.0
3	0.0
4	0.0
5	0.0
6	0.0
7	0.0
8	0.0
9	0.0
10	0.0
11	0.0
12	0.0
13	3.0
14	48.0
15	1784.0
16	5532.0
17	5932.0
18	9924.0
19	31039.0
20	83738.0
21	146364.0
22	198889.0
23	242952.0
24	281615.0
25	318136.0
26	352798.0
27	395426.0
28	454888.0
29	542297.0
30	656629.0
31	782599.0
32	878178.0
33	880974.0
34	727485.0
35	443887.0
36	176916.0
37	58361.0
38	3161.0
>>END_MODULE
>>Per base sequence content	fail
#Base	G	A	T	C
1	23.746597296327717	25.301127474183076	24.558167758418296	26.394107471070917
2	20.476407812692273	33.337543646734744	28.395265090229838	17.79078345034315
3	13.44161217674722	33.19204042421729	33.1029076554566	20.263439743578893
4	17.42457733553572	35.213863303277336	29.67365947636289	17.687899884824056
5	19.40488739256376	35.631830229746384	27.97930348828806	16.983978889401794
6	18.76431642198018	37.645071882420275	27.22277527799462	16.367836417604924
7	17.260765760516072	33.41137604978414	33.00183409064718	16.326024099052614
8	18.64748673588509	32.52411109758313	29.96211369018127	18.86628847635052
9	18.042959520440963	29.935471521461853	33.22287554422098	18.798693413876194
10-14	19.441571809824918	31.76362953322165	29.99055804665765	18.80424061029578
15-19	19.20216731307999	31.53752268197832	30.39875617792958	18.861553827012113
20-24	18.9126843938223	31.42466978880938	30.921075505026007	18.74157031234232
25-29	18.741619794376106	31.814106416322304	30.93218812808815	18.512085661213444
30-34	18.840906797333957	31.61677727420404	30.97197428757265	18.57034164088935
35-39	18.676487797778275	31.530603025128627	31.104106807965433	18.68880236912766
40-44	18.873477299829283	31.43095850492531	31.064422830280265	18.631141364965146
45-49	18.75208896071776	31.554463172623187	31.083490372071644	18.609957494587412
50-54	18.742059439645764	31.576426791618633	30.98617091464164	18.695342854093962
55-59	18.737782420571513	31.560177824038544	31.08981807628009	18.612221679109854
60-64	18.660900941566485	31.708963199642238	31.006974341897536	18.623161516893738
65-69	18.689953396859586	31.642723337827476	30.928060192143896	18.73926307316904
70-74	18.76960066520167	31.522784875926558	30.961701751708908	18.745912707162866
75-79	18.689638298774184	31.505408710592437	30.98400772948725	18.82094526114613
80-84	18.75649932129105	31.384989299761372	30.95285443114243	18.90565694780515
85-89	18.824821804976445	31.386644588370267	30.83158063238882	18.95695297426447
90-94	18.773549482925354	31.359569135430938	30.851932837489272	19.014948544154443
95-99	18.824941223344965	31.239790833635055	30.774175901492377	19.161092041527596
100-104	18.887193221681365	31.266972080236293	30.672116077031337	19.173718621051005
105-109	18.88484406280219	31.19923832845891	30.619138899218644	19.29677870952025
110-114	18.952492128225856	31.099208946062813	30.489127278885093	19.45917164682624
115-119	19.054845887547145	30.97762402907246	30.39236079694612	19.57516928643427
120-124	19.085414903889813	30.941138209451797	30.262159692260006	19.711287194398388
125-129	19.19416498823168	30.78499826090721	30.10747094738857	19.91336580347254
130-134	19.345101746324893	30.644041042753194	29.955743257470218	20.05511395345169
135-139	19.370011986565565	30.51522460712813	29.81595601988623	20.298807386420076
140-144	19.51690858014837	30.359569056259133	29.64262959285935	20.48089277073315
145-149	19.847892898343105	29.82797693385455	29.51496857793773	20.809161589864615
150-151	20.307435104948457	15.704353761248097	37.7612774863751	26.226933647428346
>>END_MODULE
>>Per sequence GC content	pass
#GC Content	Count
0	1109.0
1	555.0
2	0.5
3	0.5
4	1.5
5	2.5
6	4.0
7	6.5
8	7.0
9	17.5
10	39.5
11	80.5
12	208.0
13	419.0
14	852.0
15	1739.5
16	2940.5
17	4595.5
18	6777.0
19	9924.0
20	14389.5
21	20181.5
22	28071.0
23	37919.5
24	49660.0
25	64631.0
26	83063.5
27	104187.0
28	130009.0
29	162691.5
30	200360.5
31	240851.0
32	283937.0
33	328540.5
34	373670.5
35	415002.0
36	448203.0
37	473599.5
38	490519.5
39	494770.0
40	484866.0
41	462246.5
42	427319.0
43	382665.5
44	330131.0
45	273798.5
46	220836.0
47	174076.5
48	134011.0
49	101312.0
50	74622.5
51	53971.0
52	39420.0
53	28560.5
54	20055.0
55	13697.5
56	9454.0
57	6907.0
58	5138.5
59	3802.5
60	2705.0
61	1816.0
62	1252.0
63	841.0
64	546.5
65	358.5
66	224.5
67	135.5
68	91.0
69	72.0
70	55.5
71	44.0
72	40.0
73	28.0
74	20.5
75	20.5
76	20.0
77	17.5
78	15.0
79	14.0
80	14.0
81	14.0
82	12.5
83	9.0
84	11.5
85	12.5
86	10.5
87	8.5
88	7.5
89	8.5
90	6.0
91	5.0
92	8.0
93	11.0
94	10.0
95	7.0
96	9.5
97	9.5
98	8.5
99	15.0
100	31.5
>>END_MODULE
>>Per base N content	pass
#Base	N-Count
1	0.014425837977789156
2	0.014425837977789156
3	0.014425837977789156
4	0.014425837977789156
5	0.014425837977789156
6	0.014425837977789156
7	0.014425837977789156
8	0.014425837977789156
9	0.014425837977789156
10-14	0.014425837977789156
15-19	0.014425837977789156
20-24	0.014425837977789156
25-29	0.014425837977789156
30-34	0.014425837977789156
35-39	0.002885818802510735
40-44	0.0
45-49	0.0
50-54	0.0
55-59	0.0
60-64	0.0
65-69	0.0
70-74	0.0
75-79	2.6229391927416766E-6
80-84	0.0
85-89	2.6289527619251923E-6
90-94	2.631999028265959E-6
95-99	0.0
100-104	5.276516228703947E-6
105-109	2.6413177639977296E-6
110-114	0.0
115-119	5.2942955976767364E-6
120-124	0.0
125-129	5.305346850578991E-6
130-134	0.0
135-139	0.0
140-144	5.3210285612061154E-6
145-149	0.0
150-151	0.0
>>END_MODULE
>>Sequence Length Distribution	warn
#Length	Count
35-39	3553.0
40-44	4707.0
45-49	6041.0
50-54	6854.0
55-59	7192.0
60-64	7646.0
65-69	7933.0
70-74	8257.0
75-79	8549.0
80-84	8792.0
85-89	8715.0
90-94	9127.0
95-99	8961.0
100-104	8873.0
105-109	8666.0
110-114	8299.0
115-119	7817.0
120-124	7801.0
125-129	8232.0
130-134	6105.0
135-139	7606.0
140-144	8732.0
145-149	531210.0
150-152	6980995.0
>>END_MODULE
>>Sequence Duplication Levels	warn
#Total Deduplicated Percentage	61.218782033633815
#Duplication Level	Percentage of deduplicated	Percentage of total
1	69.26110007214133	42.4008018872612
2	17.252423500808646	21.123447076958925
3	7.246368418905943	13.308415463172322
4	3.0036426157647944	7.355173704057546
5	1.2904894888858596	3.9501097368399476
6	0.6242325977756217	2.292885560490888
7	0.34972913642601494	1.4986994241572635
8	0.2103311743937907	1.0300974656073356
9	0.14485990039598695	0.7981332000980248
>10	0.6099492520763736	5.966992412343201
>50	0.006740196689357311	0.25348494071364597
>100	1.1237600858528035E-4	0.007331784665087884
>500	0.0	0.0
>1k	2.1269727736702394E-5	0.014427343634605346
>5k	0.0	0.0
>10k+	0.0	0.0
>>END_MODULE
>>Overrepresented sequences	pass
>>END_MODULE
>>Adapter Content	pass
#Position	Illumina Universal Adapter	Illumina Small RNA 3' Adapter	Illumina Small RNA 5' Adapter	Nextera Transposase Sequence	SOLID Small RNA Adapter
1	0.0	0.0	0.0	0.0	0.0
2	0.0	0.0	0.0	0.0	0.0
3	0.0	1.30197093662357E-5	0.0	0.0	0.0
4	0.0	1.30197093662357E-5	0.0	0.0	0.0
5	0.0	1.30197093662357E-5	0.0	0.0	0.0
6	0.0	1.30197093662357E-5	0.0	0.0	0.0
7	0.0	1.30197093662357E-5	1.30197093662357E-5	0.0	0.0
8	1.30197093662357E-5	1.30197093662357E-5	1.30197093662357E-5	0.0	0.0
9	1.30197093662357E-5	1.30197093662357E-5	1.30197093662357E-5	0.0	0.0
10-14	2.60394187324714E-5	1.30197093662357E-5	1.30197093662357E-5	0.0	0.0
15-19	2.60394187324714E-5	1.30197093662357E-5	1.30197093662357E-5	2.60394187324714E-6	0.0
20-24	3.124730247896568E-5	1.562365123948284E-5	1.30197093662357E-5	1.30197093662357E-5	0.0
25-29	4.426701184520138E-5	2.60394187324714E-5	1.30197093662357E-5	1.30197093662357E-5	0.0
30-34	1.3540497740885128E-4	2.60394187324714E-5	2.60394187324714E-5	1.30197093662357E-5	0.0
35-39	4.478780021985081E-4	2.60394187324714E-5	2.60394187324714E-5	1.30197093662357E-5	0.0
40-44	9.608545512281947E-4	2.60394187324714E-5	2.60394187324714E-5	1.30197093662357E-5	0.0
45-49	0.0018670263231181997	3.9059128098707104E-5	2.60394187324714E-5	1.30197093662357E-5	0.0
50-54	0.0031377499572628046	3.9059128098707104E-5	2.60394187324714E-5	1.30197093662357E-5	2.60394187324714E-6
55-59	0.004465760312618846	3.9059128098707104E-5	3.645518622545997E-5	1.30197093662357E-5	2.083153498597712E-5
60-64	0.005944799296623221	3.9059128098707104E-5	3.9059128098707104E-5	1.30197093662357E-5	2.60394187324714E-5
65-69	0.007744123131036995	3.9059128098707104E-5	4.426701184520138E-5	1.30197093662357E-5	2.60394187324714E-5
70-74	0.010059027456353703	3.9059128098707104E-5	6.249460495793137E-5	1.30197093662357E-5	2.60394187324714E-5
75-79	0.012860868911967627	3.9059128098707104E-5	6.50985468311785E-5	1.30197093662357E-5	2.60394187324714E-5
80-84	0.01630588401027359	3.9059128098707104E-5	8.072219807066134E-5	1.822759311272998E-5	2.8643360605718544E-5
85-89	0.020646655112976576	3.9059128098707104E-5	9.113796556364991E-5	2.60394187324714E-5	3.9059128098707104E-5
90-94	0.026351891757261058	4.947489559169566E-5	9.113796556364991E-5	2.60394187324714E-5	4.166306997195424E-5
95-99	0.033585642281141616	5.20788374649428E-5	9.113796556364991E-5	2.60394187324714E-5	5.20788374649428E-5
100-104	0.043433750445762295	6.50985468311785E-5	9.113796556364991E-5	3.385124435221282E-5	5.20788374649428E-5
105-109	0.056125363135968866	6.50985468311785E-5	9.113796556364991E-5	3.9059128098707104E-5	5.20788374649428E-5
110-114	0.07159277786305687	8.332613994390848E-5	9.113796556364991E-5	4.426701184520138E-5	5.20788374649428E-5
115-119	0.0914296070534536	1.0155373305663847E-4	9.894979118339132E-5	5.20788374649428E-5	5.20788374649428E-5
120-124	0.11396151608266107	1.0936555867637988E-4	1.041576749298856E-4	5.728672121143709E-5	5.20788374649428E-5
125-129	0.13371762307498714	1.3800891928209843E-4	1.041576749298856E-4	6.50985468311785E-5	6.249460495793137E-5
130-134	0.15422366532680837	1.7446410550755838E-4	1.041576749298856E-4	6.50985468311785E-5	6.50985468311785E-5
135-139	0.17557598868743493	2.0831534985977124E-4	1.2498920991586273E-4	7.551431432416707E-5	8.593008181715563E-5
140	0.17805754529263945	2.473744779584783E-4	1.4321680302859272E-4	9.113796556364991E-5	1.041576749298856E-4
>>END_MODULE
