##FastQC	0.11.5
>>Basic Statistics	pass
#Measure	Value
Filename	SRR3306347_2_trimmed.fastq.gz
File type	Conventional base calls
Encoding	Sanger / Illumina 1.9
Total Sequences	2966945
Sequences flagged as poor quality	0
Sequence length	36-151
%GC	36
>>END_MODULE
>>Per base sequence quality	pass
#Base	Mean	Median	Lower Quartile	Upper Quartile	10th Percentile	90th Percentile
1	32.32957570834646	32.0	32.0	33.0	32.0	33.0
2	32.400488044099234	32.0	32.0	33.0	32.0	33.0
3	32.60493335737602	33.0	32.0	33.0	32.0	34.0
4	33.007222917849845	33.0	32.0	33.0	32.0	34.0
5	33.04464592366896	33.0	32.0	33.0	32.0	37.0
6	35.99083670239927	37.0	35.0	37.0	33.0	37.0
7	35.99307065011316	37.0	37.0	37.0	33.0	37.0
8	36.055694325307684	37.0	37.0	37.0	33.0	37.0
9	36.05714295344201	37.0	37.0	37.0	33.0	37.0
10-14	36.659023338821584	37.4	37.4	37.4	34.6	37.6
15-19	37.514963371414034	38.0	38.0	38.0	37.0	38.0
20-24	37.6700422151405	38.4	38.0	38.4	37.0	38.4
25-29	38.013103309970354	39.0	38.0	39.0	36.8	39.0
30-34	37.91634856729734	39.0	38.0	39.0	36.6	39.0
35-39	37.65523314616105	38.8	37.4	39.0	35.6	39.0
40-44	37.3526319147028	38.2	37.2	39.0	34.4	39.0
45-49	37.246090845382355	38.0	37.0	39.0	35.0	39.0
50-54	37.22470159496146	38.0	37.0	39.0	35.0	39.0
55-59	37.223258451360536	38.0	37.0	39.0	35.0	39.0
60-64	37.15586664284774	38.0	37.0	39.0	34.8	39.0
65-69	37.06162234816387	38.0	37.0	39.0	34.0	39.0
70-74	36.95272104080992	38.0	37.0	39.0	33.8	39.0
75-79	36.79509785342053	38.0	37.0	39.0	33.0	39.0
80-84	36.685431681497256	38.0	37.0	39.0	33.0	39.0
85-89	36.53054190778309	38.0	36.4	39.0	33.0	39.0
90-94	36.36691660973768	38.0	36.0	39.0	33.0	39.0
95-99	36.18540057074639	38.0	36.0	39.0	33.0	39.0
100-104	36.04968768571551	37.0	36.0	39.0	33.0	39.0
105-109	35.89684417270335	37.0	36.0	39.0	32.4	39.0
110-114	35.76764331821354	37.0	36.0	39.0	32.0	39.0
115-119	35.6393823733053	37.0	35.2	39.0	31.2	39.0
120-124	35.51075869202538	37.0	35.0	38.0	30.8	39.0
125-129	35.409431595955226	37.0	35.0	38.0	30.2	39.0
130-134	35.324454623786565	37.0	35.0	38.0	30.0	39.0
135-139	35.210660941716995	37.0	34.6	38.0	30.0	39.0
140-144	35.14993087689946	37.0	34.4	38.0	30.0	39.0
145-149	35.09973104842222	37.0	34.0	38.0	30.0	39.0
150-151	36.30460649692271	37.0	35.0	38.5	32.0	39.0
>>END_MODULE
>>Per sequence quality scores	pass
#Quality	Count
32	29.0
33	2697.0
34	48796.0
35	362422.0
36	1348890.0
37	1188945.0
38	15166.0
>>END_MODULE
>>Per base sequence content	fail
#Base	G	A	T	C
1	19.207838365726364	29.687810188594664	23.902431625796904	27.20191981988207
2	18.185439905357196	33.97946372447079	29.860344563178625	17.97475180699339
3	13.255115952604445	34.8264966152052	32.08404604736522	19.834341384825134
4	16.098646924698638	35.955840098148094	30.373464961433395	17.572048015719872
5	18.72481626723785	36.014755918967154	28.130450682435974	17.129977131359027
6	18.315809696506	37.47457401468514	28.18313113320267	16.02648515560619
7	16.921917999828107	32.970041574751136	33.273485015731666	16.83455540968909
8	18.073405472632622	32.4164418282105	31.057198566201933	18.45295413295494
9	17.575924056563235	30.352770273800157	33.42957149525859	18.641734174378023
10-14	18.960250358533777	31.81856758382781	30.38380556430942	18.837376493328996
15-19	18.62078333100209	31.62656537279929	30.84481175080765	18.907839545390967
20-24	18.511532906744144	31.583814327532195	31.24017465777087	18.664478107952792
25-29	18.366899285291773	31.773302167717972	31.392331168929655	18.467467378060597
30-34	18.324640328688265	31.710658606748694	31.478487130701783	18.48621393386126
35-39	18.486867774097927	31.725123028679054	31.30141982232156	18.486589374901456
40-44	18.444265752559165	31.71066415570165	31.35258292098508	18.492487170754107
45-49	18.371103499330392	31.734949041880967	31.430472001800368	18.463475456988277
50-54	18.35863104971737	31.688449914617628	31.41424358330354	18.53867545236146
55-59	18.35766322126679	31.650784813089565	31.49095713607745	18.500594829566193
60-64	18.282604829419515	31.71411761950878	31.515439254682175	18.48783829638953
65-69	18.24347048427951	31.696208128834968	31.507960520493803	18.552360866391716
70-74	18.19501032479503	31.660962138443182	31.629190262218067	18.514837274543723
75-79	18.050776968333963	31.67413245392617	31.739884658197298	18.535205919542566
80-84	18.037806314051107	31.607430560958687	31.811986993558783	18.542776131431424
85-89	17.899747962820722	31.697692223626728	31.906897633153864	18.495662180398682
90-94	17.785206831717957	31.714559876867927	32.05564355656869	18.44458973484543
95-99	17.689469673053804	31.66322961124603	32.19070031655531	18.45660039914486
100-104	17.48976161538117	31.720461700383467	32.40176008871424	18.388016595521115
105-109	17.276337271887712	31.683057031982358	32.72700375933606	18.31360193679387
110-114	17.136304781382552	31.65753275932426	32.91153525053576	18.294627208757426
115-119	16.94233247472761	31.771624350410622	33.07896426345153	18.207078911410232
120-124	16.680378639583157	31.752673834718713	33.48924792192686	18.077699603771265
125-129	16.456842368469907	31.63977404897121	33.89720061678114	18.00618296577774
130-134	16.144302299457962	31.576649126193317	34.26815723773934	18.010891336609383
135-139	15.95507260226998	31.3985844946511	34.921045382742975	17.725297520335946
140-144	15.35770694425305	31.695941147163893	35.33184222521386	17.6145096833692
145-149	15.0397531234597	31.43389837772968	36.16998478451878	17.356363714291838
150-151	13.310841895414812	22.021162398405153	45.91320349639626	18.754792209783773
>>END_MODULE
>>Per sequence GC content	pass
#GC Content	Count
0	0.0
1	1.0
2	2.0
3	3.0
4	7.5
5	16.0
6	43.0
7	87.5
8	148.5
9	255.0
10	435.0
11	711.0
12	1087.0
13	1561.5
14	2301.0
15	3452.5
16	4952.5
17	6766.5
18	9130.5
19	12049.5
20	15657.5
21	20601.0
22	26606.5
23	33630.5
24	42058.5
25	52062.0
26	63915.0
27	76732.5
28	92193.5
29	109847.5
30	127801.5
31	147186.0
32	167514.0
33	185571.5
34	202174.0
35	217213.0
36	228288.5
37	235286.0
38	237388.5
39	233620.0
40	224680.0
41	211422.5
42	193972.0
43	173958.0
44	151936.5
45	129054.5
46	106482.0
47	86951.0
48	70803.0
49	55856.0
50	43926.5
51	34276.0
52	25936.5
53	19810.0
54	14818.5
55	11007.5
56	8370.0
57	6396.5
58	4809.5
59	3560.5
60	2597.5
61	1828.5
62	1262.0
63	907.5
64	646.0
65	420.0
66	272.5
67	199.0
68	141.0
69	90.0
70	54.5
71	32.5
72	16.0
73	8.5
74	6.0
75	4.5
76	3.0
77	2.0
78	1.5
79	1.0
80	1.0
81	1.5
82	1.5
83	0.5
84	0.0
85	0.0
86	0.0
87	0.0
88	0.0
89	0.0
90	0.0
91	0.0
92	0.0
93	0.0
94	0.0
95	0.0
96	0.0
97	0.0
98	0.0
99	3.0
100	11.5
>>END_MODULE
>>Per base N content	pass
#Base	N-Count
1	0.0
2	0.0
3	0.0
4	0.0
5	0.0
6	0.0
7	0.0
8	0.0
9	0.0
10-14	0.0
15-19	0.0
20-24	0.0
25-29	0.0
30-34	0.0
35-39	0.0
40-44	0.0
45-49	0.0
50-54	0.0
55-59	0.0
60-64	0.0
65-69	0.0
70-74	0.0
75-79	0.0
80-84	0.0
85-89	0.0
90-94	0.0
95-99	0.0
100-104	0.0
105-109	0.0
110-114	0.0
115-119	0.0
120-124	0.0
125-129	0.0
130-134	0.0
135-139	0.0
140-144	0.0
145-149	0.0
150-151	0.0
>>END_MODULE
>>Sequence Length Distribution	warn
#Length	Count
35-39	73679.0
40-44	151724.0
45-49	159733.0
50-54	155858.0
55-59	151532.0
60-64	158361.0
65-69	167852.0
70-74	178223.0
75-79	197973.0
80-84	196894.0
85-89	209234.0
90-94	206323.0
95-99	199692.0
100-104	178292.0
105-109	154047.0
110-114	128086.0
115-119	99135.0
120-124	73005.0
125-129	49969.0
130-134	32658.0
135-139	20572.0
140-144	11906.0
145-149	7071.0
150-152	5126.0
>>END_MODULE
>>Sequence Duplication Levels	pass
#Total Deduplicated Percentage	84.92072383284093
#Duplication Level	Percentage of deduplicated	Percentage of total
1	88.12588356592872	74.83713820827327
2	8.94016193620225	15.184100456102156
3	1.8432859275155626	4.695995255865334
4	0.5019682620362022	1.705100326129098
5	0.22256292424171958	0.9450102312480285
6	0.11769335053137986	0.5996762710462231
7	0.07933023416015574	0.4715746634696432
8	0.04858102598396879	0.33004287128805465
9	0.033221852553734464	0.25391013893379416
>10	0.08731092084627828	0.9774515776443795
>50	0.0	0.0
>100	0.0	0.0
>500	0.0	0.0
>1k	0.0	0.0
>5k	0.0	0.0
>10k+	0.0	0.0
>>END_MODULE
>>Overrepresented sequences	pass
>>END_MODULE
>>Adapter Content	pass
#Position	Illumina Universal Adapter	Illumina Small RNA 3' Adapter	Illumina Small RNA 5' Adapter	Nextera Transposase Sequence	SOLID Small RNA Adapter
1	0.0	0.0	0.0	0.0	0.0
2	0.0	0.0	0.0	0.0	0.0
3	0.0	0.0	0.0	0.0	0.0
4	0.0	0.0	0.0	0.0	0.0
5	0.0	0.0	0.0	0.0	0.0
6	0.0	0.0	0.0	0.0	0.0
7	0.0	0.0	0.0	0.0	0.0
8	0.0	0.0	0.0	0.0	0.0
9	0.0	0.0	0.0	0.0	0.0
10-11	0.0	0.0	0.0	0.0	0.0
12-13	0.0	0.0	0.0	0.0	0.0
14-15	0.0	0.0	0.0	0.0	0.0
16-17	0.0	0.0	0.0	0.0	0.0
18-19	0.0	0.0	0.0	0.0	0.0
20-21	0.0	0.0	0.0	0.0	0.0
22-23	0.0	0.0	0.0	0.0	0.0
24-25	0.0	0.0	0.0	0.0	0.0
26-27	0.0	0.0	0.0	0.0	0.0
28-29	0.0	0.0	0.0	0.0	0.0
30-31	0.0	0.0	0.0	0.0	0.0
32-33	0.0	0.0	0.0	0.0	0.0
34-35	0.0	0.0	0.0	0.0	0.0
36-37	0.0	0.0	0.0	0.0	0.0
38-39	0.0	0.0	0.0	0.0	0.0
40-41	0.0	0.0	0.0	0.0	0.0
42-43	0.0	0.0	0.0	0.0	0.0
44-45	0.0	0.0	0.0	0.0	0.0
46-47	0.0	0.0	0.0	0.0	0.0
48-49	0.0	0.0	0.0	0.0	0.0
50-51	0.0	0.0	0.0	0.0	0.0
52-53	0.0	0.0	0.0	0.0	0.0
54-55	0.0	0.0	0.0	0.0	0.0
56-57	0.0	0.0	0.0	0.0	0.0
58-59	0.0	0.0	0.0	0.0	0.0
60-61	0.0	0.0	0.0	0.0	0.0
62-63	0.0	0.0	0.0	0.0	0.0
64-65	0.0	0.0	0.0	0.0	0.0
66-67	0.0	0.0	0.0	0.0	0.0
68-69	0.0	0.0	0.0	0.0	0.0
70-71	0.0	0.0	0.0	0.0	0.0
72-73	3.370470298573111E-5	0.0	0.0	0.0	0.0
74-75	3.370470298573111E-5	0.0	0.0	0.0	0.0
76-77	3.370470298573111E-5	0.0	0.0	0.0	0.0
78-79	3.370470298573111E-5	0.0	0.0	0.0	0.0
80-81	5.0557054478596666E-5	0.0	0.0	0.0	0.0
82-83	1.0111410895719335E-4	0.0	0.0	0.0	0.0
84-85	1.0111410895719335E-4	0.0	0.0	0.0	0.0
86-87	1.0111410895719335E-4	0.0	0.0	0.0	0.0
88-89	1.0111410895719335E-4	0.0	0.0	0.0	0.0
90-91	1.0111410895719335E-4	0.0	0.0	0.0	0.0
92-93	1.0111410895719335E-4	0.0	0.0	0.0	0.0
94-95	1.0111410895719335E-4	0.0	0.0	0.0	0.0
96-97	1.0111410895719335E-4	0.0	0.0	0.0	0.0
98-99	1.0111410895719335E-4	0.0	0.0	0.0	0.0
100-101	1.0111410895719335E-4	0.0	0.0	0.0	0.0
102-103	1.0111410895719335E-4	0.0	0.0	0.0	0.0
104-105	1.0111410895719335E-4	0.0	0.0	0.0	0.0
106-107	1.0111410895719335E-4	0.0	0.0	0.0	0.0
108-109	1.0111410895719335E-4	0.0	0.0	0.0	0.0
110-111	1.0111410895719335E-4	0.0	0.0	0.0	0.0
112-113	1.0111410895719335E-4	0.0	0.0	0.0	0.0
114-115	1.0111410895719335E-4	0.0	0.0	0.0	0.0
116-117	1.0111410895719335E-4	0.0	0.0	0.0	0.0
118-119	1.0111410895719335E-4	0.0	0.0	0.0	0.0
120-121	1.0111410895719335E-4	0.0	0.0	0.0	0.0
122-123	1.0111410895719335E-4	0.0	0.0	0.0	0.0
124-125	1.0111410895719335E-4	0.0	0.0	0.0	0.0
126-127	1.0111410895719335E-4	0.0	0.0	0.0	0.0
128-129	1.0111410895719335E-4	0.0	0.0	0.0	0.0
130-131	1.0111410895719335E-4	0.0	0.0	0.0	0.0
132-133	1.0111410895719335E-4	0.0	0.0	0.0	0.0
134-135	1.0111410895719335E-4	0.0	0.0	0.0	0.0
136-137	1.0111410895719335E-4	0.0	0.0	0.0	0.0
138-139	1.0111410895719335E-4	0.0	0.0	0.0	0.0
>>END_MODULE
>>Kmer Content	warn
#Sequence	Count	PValue	Obs/Exp Max	Max Obs/Exp Position
GACCTGG	280	9.041171E-4	2953.5344	145
TCCGGTT	705	0.005729927	1173.0349	145
GAGCTGC	710	0.0058114687	1164.7742	145
GGGATTC	875	0.008825348	945.131	145
ACTCCTC	920	0.0097561125	898.9018	145
CGACGCG	110	0.009833069	26.27511	100-104
>>END_MODULE
