##FastQC	0.11.5
>>Basic Statistics	pass
#Measure	Value
Filename	SRR3306348_2_trimmed.fastq.gz
File type	Conventional base calls
Encoding	Sanger / Illumina 1.9
Total Sequences	4052840
Sequences flagged as poor quality	0
Sequence length	36-151
%GC	36
>>END_MODULE
>>Per base sequence quality	pass
#Base	Mean	Median	Lower Quartile	Upper Quartile	10th Percentile	90th Percentile
1	32.66214308978395	33.0	32.0	33.0	32.0	34.0
2	32.84539434075858	33.0	32.0	33.0	32.0	34.0
3	33.05387728111645	33.0	33.0	34.0	32.0	34.0
4	32.95685692008567	33.0	32.0	34.0	32.0	34.0
5	33.25693192921507	33.0	33.0	34.0	32.0	34.0
6	36.083716850406134	37.0	37.0	37.0	33.0	37.0
7	36.04725131019236	37.0	37.0	37.0	33.0	37.0
8	36.09149830735978	37.0	37.0	37.0	33.0	37.0
9	36.114536226448614	37.0	37.0	37.0	33.0	37.0
10-14	36.69386321690469	37.4	37.4	37.4	34.6	37.4
15-19	37.61656423643667	38.0	38.0	38.0	37.0	38.0
20-24	37.78413734566378	38.4	38.0	38.4	37.0	38.4
25-29	38.15648221987544	39.0	38.0	39.0	37.0	39.0
30-34	38.08718765112859	39.0	38.0	39.0	37.0	39.0
35-39	37.85467267392257	39.0	38.0	39.0	36.4	39.0
40-44	37.59051981507315	38.2	37.2	39.0	35.4	39.0
45-49	37.47530130440055	38.0	37.0	39.0	36.0	39.0
50-54	37.44541468001178	38.0	37.0	39.0	36.0	39.0
55-59	37.43722166535504	38.0	37.0	39.0	36.0	39.0
60-64	37.36625252668556	38.0	37.0	39.0	35.4	39.0
65-69	37.26245556792094	38.0	37.0	39.0	35.0	39.0
70-74	37.14657998947625	38.0	37.0	39.0	34.8	39.0
75-79	36.98273472507985	38.0	37.0	39.0	34.0	39.0
80-84	36.86029843253483	38.0	37.0	39.0	33.0	39.0
85-89	36.69919751634767	38.0	37.0	39.0	33.0	39.0
90-94	36.52049004594763	38.0	36.4	39.0	33.0	39.0
95-99	36.326614901894956	38.0	36.0	39.0	33.0	39.0
100-104	36.17961009168074	37.8	36.0	39.0	33.0	39.0
105-109	36.01704006363231	37.0	36.0	39.0	33.0	39.0
110-114	35.877565909151755	37.0	36.0	39.0	32.2	39.0
115-119	35.7294443112154	37.0	36.0	39.0	32.0	39.0
120-124	35.59321395199963	37.0	35.0	39.0	31.0	39.0
125-129	35.49037492123834	37.0	35.0	38.0	30.4	39.0
130-134	35.3889973346484	37.0	35.0	38.0	30.0	39.0
135-139	35.26982637708213	37.0	35.0	38.0	30.0	39.0
140-144	35.19593547560091	37.0	34.2	38.0	30.0	39.0
145-149	35.153379390118786	37.0	34.0	38.0	30.0	39.0
150-151	36.325271906314974	37.0	35.0	38.5	32.0	39.0
>>END_MODULE
>>Per sequence quality scores	pass
#Quality	Count
32	27.0
33	2309.0
34	43629.0
35	354778.0
36	1590680.0
37	2013482.0
38	47935.0
>>END_MODULE
>>Per base sequence content	fail
#Base	G	A	T	C
1	23.66202465431648	25.729217042863773	24.762166776877446	25.8465915259423
2	19.750841385300184	34.29503755391281	28.17799370318098	17.776127357606025
3	12.902137760187918	33.5257991926649	33.407980576583334	20.16408247056385
4	17.41781072038373	35.27282103413902	29.431608452344527	17.877759793132718
5	18.971461987149752	35.80657020755816	28.24032036793952	16.981647437352574
6	18.634858518964478	37.56397982649204	27.700131265976452	16.101030388567033
7	17.33853297934288	32.799617058655166	33.192946180949654	16.6689037810523
8	18.30225224780648	32.33349947197521	30.8250017271839	18.539246553034417
9	17.690755124801374	30.0703457328688	33.54092438882364	18.697974753506184
10-14	19.179291558512055	31.756358504160048	30.28030220783451	18.78404772949339
15-19	18.831214654415177	31.65517513644753	30.72053177524896	18.793078433888336
20-24	18.648054203965614	31.62330119126341	31.090006020469595	18.63863858430138
25-29	18.584641880755225	31.83377088658817	31.17077407447617	18.410813158180435
30-34	18.509114596184403	31.748201261337726	31.309442267644418	18.43324187483345
35-39	18.629802017399804	31.751956952403475	31.156643282561745	18.461597747634972
40-44	18.625916895810008	31.714626221764046	31.23248331370799	18.42697356871795
45-49	18.5280954680286	31.768478018831704	31.294669264203716	18.40875724893598
50-54	18.514207220087222	31.744034254665326	31.23955131181765	18.5022072134298
55-59	18.55507754198222	31.702013117656342	31.30810180261897	18.434807537742465
60-64	18.47008206123364	31.742844523379137	31.352829027793387	18.434244387593836
65-69	18.433448709716966	31.730570429983523	31.32853879784146	18.50744206245805
70-74	18.45002641122592	31.739257520935855	31.379048764379153	18.431667303459072
75-79	18.285001963774626	31.750355065747264	31.51439166260118	18.45025130787693
80-84	18.234502144977398	31.693909103305046	31.60445148365307	18.467137268064484
85-89	18.174443554677048	31.763714191137502	31.630350107948097	18.43149214623735
90-94	17.983427955451685	31.78728117889226	31.86343789228887	18.365852973367183
95-99	17.92054088567331	31.69503925399166	31.969454834766115	18.414965025568918
100-104	17.776195174113408	31.786123868275993	32.13503378751176	18.30264717009884
105-109	17.546239649673435	31.79056412881009	32.41024915350174	18.252947068014738
110-114	17.38140840318222	31.85385636240166	32.54625158479768	18.218483649618438
115-119	17.22656672718444	31.804619170470648	32.83794042170417	18.130873680640736
120-124	16.972364386845058	31.769030151456125	33.17784273899765	18.08076272270117
125-129	16.791285081651395	31.772923595274477	33.52094821810647	17.914843104967655
130-134	16.465043799264716	31.85908588892083	33.82453061409746	17.85133969771699
135-139	16.2098181237951	31.92211209726571	34.36212538550274	17.505944393436447
140-144	15.71032807271086	32.013616481896705	34.73547247175636	17.54058297363607
145-149	15.504507960867064	31.575868022252063	35.779781315940916	17.13984270093996
150-151	14.278060541119745	21.751942137690865	45.53978033753014	18.430216983659257
>>END_MODULE
>>Per sequence GC content	pass
#GC Content	Count
0	0.0
1	3.5
2	7.0
3	10.0
4	14.5
5	17.5
6	40.5
7	80.5
8	130.5
9	235.0
10	393.5
11	628.5
12	1007.5
13	1582.5
14	2433.5
15	3677.5
16	5317.5
17	7363.0
18	9949.5
19	13354.0
20	17669.0
21	23165.5
22	30301.5
23	38951.5
24	49085.5
25	60941.0
26	75409.5
27	91674.5
28	110960.0
29	134029.5
30	158856.0
31	184832.5
32	211444.5
33	236405.5
34	260227.0
35	282260.5
36	298123.0
37	307776.0
38	312480.0
39	310416.0
40	300098.0
41	282325.5
42	259131.5
43	232448.5
44	202540.5
45	171238.5
46	140776.5
47	114082.0
48	91901.5
49	72263.5
50	56772.5
51	44381.0
52	33638.0
53	25523.0
54	18913.0
55	13964.5
56	10641.5
57	8169.5
58	6208.5
59	4668.0
60	3485.5
61	2495.0
62	1681.5
63	1142.5
64	792.0
65	551.0
66	372.0
67	264.5
68	197.0
69	129.5
70	78.5
71	44.5
72	27.0
73	16.5
74	7.5
75	1.0
76	1.5
77	1.5
78	1.0
79	1.0
80	2.0
81	3.0
82	2.5
83	1.0
84	0.0
85	0.0
86	0.0
87	0.0
88	0.0
89	0.0
90	0.0
91	0.0
92	0.0
93	0.0
94	0.0
95	0.5
96	0.5
97	0.0
98	0.0
99	1.5
100	6.0
>>END_MODULE
>>Per base N content	pass
#Base	N-Count
1	0.0
2	0.0
3	0.0
4	0.0
5	0.0
6	0.0
7	0.0
8	0.0
9	0.0
10-14	0.0
15-19	0.0
20-24	0.0
25-29	0.0
30-34	0.0
35-39	0.0
40-44	0.0
45-49	0.0
50-54	0.0
55-59	0.0
60-64	0.0
65-69	0.0
70-74	0.0
75-79	0.0
80-84	0.0
85-89	0.0
90-94	0.0
95-99	0.0
100-104	0.0
105-109	0.0
110-114	0.0
115-119	0.0
120-124	0.0
125-129	0.0
130-134	0.0
135-139	0.0
140-144	0.0
145-149	0.0
150-151	0.0
>>END_MODULE
>>Sequence Length Distribution	warn
#Length	Count
35-39	68984.0
40-44	147939.0
45-49	165036.0
50-54	166201.0
55-59	166432.0
60-64	180913.0
65-69	198703.0
70-74	218539.0
75-79	252739.0
80-84	261669.0
85-89	291190.0
90-94	299444.0
95-99	303502.0
100-104	282376.0
105-109	255811.0
110-114	220698.0
115-119	178944.0
120-124	136082.0
125-129	97325.0
130-134	65357.0
135-139	42066.0
140-144	25682.0
145-149	15434.0
150-152	11774.0
>>END_MODULE
>>Sequence Duplication Levels	pass
#Total Deduplicated Percentage	77.74613846123485
#Duplication Level	Percentage of deduplicated	Percentage of total
1	82.47780232319236	64.12330639397271
2	12.39858854471258	19.27884763442209
3	3.0762805268481164	7.175067953578024
4	0.9625046366454209	2.993240750008617
5	0.38887380577389125	1.511671837382215
6	0.21489361761206377	1.0024289369581898
7	0.12659925132411123	0.6889822045773115
8	0.08787448103154923	0.5465521255590385
9	0.06596893123746365	0.46159466959147766
>10	0.20040038681999722	2.2093564952198674
>50	2.1349480244598214E-4	0.008950998730484798
>100	0.0	0.0
>500	0.0	0.0
>1k	0.0	0.0
>5k	0.0	0.0
>10k+	0.0	0.0
>>END_MODULE
>>Overrepresented sequences	pass
>>END_MODULE
>>Adapter Content	pass
#Position	Illumina Universal Adapter	Illumina Small RNA 3' Adapter	Illumina Small RNA 5' Adapter	Nextera Transposase Sequence	SOLID Small RNA Adapter
1	0.0	0.0	0.0	0.0	0.0
2	0.0	0.0	0.0	0.0	0.0
3	0.0	0.0	0.0	0.0	0.0
4	0.0	0.0	0.0	0.0	0.0
5	0.0	0.0	0.0	0.0	0.0
6	0.0	0.0	0.0	0.0	0.0
7	0.0	0.0	0.0	0.0	0.0
8	0.0	0.0	0.0	0.0	0.0
9	0.0	0.0	0.0	0.0	0.0
10-11	0.0	0.0	0.0	0.0	0.0
12-13	0.0	0.0	0.0	0.0	0.0
14-15	0.0	0.0	0.0	0.0	0.0
16-17	0.0	0.0	0.0	0.0	0.0
18-19	0.0	0.0	0.0	0.0	0.0
20-21	0.0	0.0	0.0	0.0	0.0
22-23	0.0	0.0	0.0	0.0	0.0
24-25	0.0	0.0	0.0	0.0	0.0
26-27	0.0	0.0	0.0	0.0	0.0
28-29	0.0	0.0	0.0	0.0	0.0
30-31	0.0	0.0	0.0	0.0	0.0
32-33	0.0	0.0	0.0	0.0	0.0
34-35	0.0	0.0	0.0	0.0	0.0
36-37	0.0	0.0	0.0	0.0	0.0
38-39	1.2337027861943723E-5	0.0	0.0	0.0	0.0
40-41	2.4674055723887447E-5	0.0	0.0	0.0	0.0
42-43	2.4674055723887447E-5	0.0	0.0	0.0	0.0
44-45	2.4674055723887447E-5	0.0	0.0	0.0	0.0
46-47	4.9348111447774894E-5	0.0	0.0	0.0	0.0
48-49	4.9348111447774894E-5	0.0	0.0	0.0	0.0
50-51	4.9348111447774894E-5	0.0	0.0	0.0	0.0
52-53	4.9348111447774894E-5	0.0	0.0	0.0	0.0
54-55	4.9348111447774894E-5	0.0	0.0	0.0	0.0
56-57	6.168513930971862E-5	0.0	0.0	0.0	0.0
58-59	1.2337027861943723E-4	0.0	0.0	0.0	0.0
60-61	1.7271839006721213E-4	0.0	0.0	0.0	0.0
62-63	1.9739244579109957E-4	0.0	0.0	0.0	0.0
64-65	2.2206650151498702E-4	0.0	0.0	0.0	0.0
66-67	2.4674055723887447E-4	0.0	0.0	0.0	0.0
68-69	2.4674055723887447E-4	0.0	0.0	0.0	0.0
70-71	2.8375164082470564E-4	0.0	0.0	0.0	0.0
72-73	3.207627244105368E-4	0.0	0.0	0.0	0.0
74-75	3.3309975227248053E-4	0.0	0.0	0.0	0.0
76-77	3.701108358583117E-4	0.0	0.0	0.0	0.0
78-79	3.701108358583117E-4	0.0	0.0	0.0	0.0
80-81	3.701108358583117E-4	0.0	0.0	0.0	0.0
82-83	4.0712191944414287E-4	0.0	0.0	0.0	0.0
84-85	4.194589473060866E-4	0.0	0.0	0.0	0.0
86-87	4.194589473060866E-4	0.0	0.0	0.0	0.0
88-89	4.194589473060866E-4	0.0	0.0	0.0	0.0
90-91	4.194589473060866E-4	0.0	0.0	0.0	0.0
92-93	4.194589473060866E-4	0.0	0.0	0.0	0.0
94-95	4.194589473060866E-4	0.0	0.0	0.0	0.0
96-97	4.194589473060866E-4	0.0	0.0	0.0	0.0
98-99	4.194589473060866E-4	0.0	0.0	0.0	0.0
100-101	4.194589473060866E-4	0.0	0.0	0.0	0.0
102-103	4.194589473060866E-4	0.0	0.0	0.0	0.0
104-105	4.194589473060866E-4	0.0	0.0	0.0	0.0
106-107	4.194589473060866E-4	0.0	0.0	0.0	0.0
108-109	4.194589473060866E-4	0.0	0.0	0.0	0.0
110-111	4.194589473060866E-4	0.0	0.0	0.0	0.0
112-113	4.194589473060866E-4	0.0	0.0	0.0	0.0
114-115	4.194589473060866E-4	0.0	0.0	0.0	0.0
116-117	4.194589473060866E-4	0.0	0.0	0.0	0.0
118-119	4.194589473060866E-4	0.0	0.0	0.0	0.0
120-121	4.194589473060866E-4	0.0	0.0	0.0	0.0
122-123	4.194589473060866E-4	0.0	0.0	0.0	0.0
124-125	4.194589473060866E-4	0.0	0.0	0.0	0.0
126-127	4.194589473060866E-4	0.0	0.0	0.0	0.0
128-129	4.194589473060866E-4	0.0	0.0	0.0	0.0
130-131	4.194589473060866E-4	0.0	0.0	0.0	0.0
132-133	4.194589473060866E-4	0.0	0.0	0.0	0.0
134-135	4.194589473060866E-4	0.0	0.0	0.0	0.0
136-137	4.194589473060866E-4	0.0	0.0	0.0	0.0
138-139	4.194589473060866E-4	0.0	0.0	0.0	0.0
>>END_MODULE
>>Kmer Content	warn
#Sequence	Count	PValue	Obs/Exp Max	Max Obs/Exp Position
GGCGGCG	410	0.0045393873	1331.8081	145
CTAGGTC	455	0.0055902246	1200.0908	145
GTAAGGT	660	0.008501843	49.87286	125-129
TTAATCC	2240	0.0039899456	31.572815	135-139
TTATATT	6175	0.0013728222	10.956458	135-139
ATAAACA	5455	7.14087E-5	9.456841	130-134
TTTATAT	7660	0.00816565	8.832393	135-139
>>END_MODULE
