##FastQC	0.11.5
>>Basic Statistics	pass
#Measure	Value
Filename	SRR3306349_1_trimmed.fastq.gz
File type	Conventional base calls
Encoding	Sanger / Illumina 1.9
Total Sequences	3555858
Sequences flagged as poor quality	0
Sequence length	36-151
%GC	36
>>END_MODULE
>>Per base sequence quality	pass
#Base	Mean	Median	Lower Quartile	Upper Quartile	10th Percentile	90th Percentile
1	33.49536848771801	34.0	33.0	34.0	32.0	34.0
2	33.62126046653157	34.0	33.0	34.0	33.0	35.0
3	33.666473464350936	34.0	33.0	34.0	33.0	35.0
4	33.69796966020578	34.0	33.0	34.0	33.0	35.0
5	33.66246824254512	34.0	33.0	34.0	33.0	35.0
6	36.25371373097576	37.0	37.0	37.0	34.0	37.0
7	36.2844317742722	37.0	37.0	37.0	34.0	37.0
8	36.187203201027714	37.0	37.0	37.0	34.0	37.0
9	36.24576684445779	37.0	37.0	37.0	34.0	37.0
10-14	36.889605040471245	37.4	37.4	37.4	35.6	37.4
15-19	37.8083141677761	38.0	38.0	38.0	38.0	38.0
20-24	38.0623092373205	38.4	38.0	38.4	38.0	38.4
25-29	38.441213344289906	39.0	38.0	39.0	38.0	39.0
30-34	38.379096240626026	39.0	38.0	39.0	37.0	39.0
35-39	38.304486237463415	39.0	38.0	39.0	37.0	39.0
40-44	38.21397858691709	39.0	38.0	39.0	37.0	39.0
45-49	38.129916333162065	39.0	38.0	39.0	37.0	39.0
50-54	37.93423982716273	39.0	38.0	39.0	37.0	39.0
55-59	37.86049990956285	39.0	38.0	39.0	36.2	39.0
60-64	37.66330291664733	38.8	37.2	39.0	36.0	39.0
65-69	37.46560424001445	38.0	37.0	39.0	36.0	39.0
70-74	37.25257295598481	38.0	37.0	39.0	35.0	39.0
75-79	37.016797870469944	38.0	37.0	39.0	34.2	39.0
80-84	36.73501030891109	38.0	37.0	39.0	33.0	39.0
85-89	36.48462855255936	38.0	36.4	39.0	33.0	39.0
90-94	36.250091488972856	38.0	36.0	39.0	33.0	39.0
95-99	36.00889397182296	37.0	36.0	39.0	32.8	39.0
100-104	35.8077425966641	37.0	36.0	38.8	32.0	39.0
105-109	35.687995077776584	37.0	35.6	39.0	31.4	39.0
110-114	35.50805721473344	37.0	35.0	38.2	31.0	39.0
115-119	35.3766558235248	37.0	35.0	38.0	30.6	39.0
120-124	35.240863021467526	37.0	35.0	38.0	30.0	39.0
125-129	35.174910359681654	37.0	34.6	38.0	30.0	39.0
130-134	35.03180750274687	37.0	34.0	38.0	30.0	39.0
135-139	34.95195817912144	37.0	34.0	38.0	30.0	39.0
140-144	34.882433075846734	37.0	34.0	38.0	30.0	39.0
145-149	34.832929327387305	37.0	33.8	38.0	30.0	39.0
150-151	35.93718392957483	37.0	34.0	38.0	31.5	39.0
>>END_MODULE
>>Per sequence quality scores	pass
#Quality	Count
32	2.0
33	339.0
34	8033.0
35	93483.0
36	872454.0
37	2458543.0
38	123004.0
>>END_MODULE
>>Per base sequence content	fail
#Base	G	A	T	C
1	23.38695752192579	25.42924942447083	24.93437589465046	26.249417158952916
2	19.67331091399038	32.96577084911715	29.01389763033282	18.347020606559656
3	13.321060627280392	32.941219812489706	33.43665579446649	20.301063765763423
4	17.478144515332165	34.95063638649237	29.8672500420433	17.703969056132163
5	18.84175352334092	35.514016588963905	28.428806774623734	17.21542311307144
6	18.425623295418433	37.45056748610322	27.92828060063141	16.195528617846943
7	16.957848148041908	32.5506530350762	33.8597604291285	16.63173838775339
8	18.372190340559154	32.08781115556358	30.91265174256115	18.627346761316115
9	17.509248119581827	29.588161282030946	34.032826957656916	18.869763640730312
10-14	18.969008323729465	31.462617461102216	30.597166703507284	18.97120751166104
15-19	18.6147872046634	31.35607214911282	31.049496352216536	18.97964429400724
20-24	18.430263525708845	31.259988447232708	31.43981565068121	18.869932376377236
25-29	18.348488606687894	31.52507777307193	31.517675902693526	18.608757717546652
30-34	18.334612911989172	31.473827132579537	31.592645150621873	18.598914804809414
35-39	18.372159550870943	31.466328221464757	31.54165928209702	18.61985294556728
40-44	18.42247462337636	31.406098290689982	31.57356351628387	18.59786356964979
45-49	18.381848538994817	31.48802532832536	31.587930581473618	18.54219555120621
50-54	18.371080348360163	31.293946647059297	31.630183922612975	18.70478908196757
55-59	18.401486050608504	31.364407616874697	31.630206459214733	18.603899873302073
60-64	18.2897518543609	31.445052748887843	31.702019342673182	18.56317605407807
65-69	18.262205553847092	31.422967947159304	31.645414746910134	18.66941175208347
70-74	18.229831470256414	31.43013615679849	31.7649694046214	18.575062968323696
75-79	18.063912046503518	31.49124495158061	31.868590077700887	18.57625292421498
80-84	18.012967787552206	31.408377563961132	32.004181593517835	18.57447305496883
85-89	17.920021679209757	31.467426929518087	32.08960560143906	18.522945789833088
90-94	17.775206186728248	31.47873735294492	32.320993081333235	18.4250633789936
95-99	17.65077358405537	31.439808566705167	32.45318826211015	18.456229587129307
100-104	17.476827112179425	31.491587039869685	32.731917598680944	18.29966824926995
105-109	17.251628650749083	31.48942347620296	33.11497953566152	18.14396833738644
110-114	17.080842485012468	31.50838771287601	33.438930447238576	17.971839354872937
115-119	16.71214538055462	31.52902148176966	33.878827202994145	17.88000593468158
120-124	16.586403483473163	31.55231860736412	34.314188278475385	17.54708963068734
125-129	16.253221129316636	31.4823545621094	34.85084314472639	17.41358116384757
130-134	16.019540882475066	31.434466862696915	35.60533518629935	16.940657068528672
135-139	15.762406788377476	31.28186485312242	36.10625903299315	16.849469325506956
140-144	15.422135860728872	31.75040647182456	36.118491493833524	16.70896617361304
145-149	15.182329849122642	31.438301092560184	37.09501962824576	16.28434943007142
150-151	14.116296863045141	22.49426166794185	45.94491201224177	17.44452945677123
>>END_MODULE
>>Per sequence GC content	pass
#GC Content	Count
0	0.0
1	0.0
2	0.0
3	0.5
4	1.5
5	2.5
6	4.0
7	9.0
8	19.0
9	48.0
10	102.0
11	182.0
12	317.5
13	562.0
14	990.5
15	1708.5
16	2731.0
17	4032.5
18	5656.0
19	8025.5
20	11253.0
21	15332.5
22	20745.0
23	27338.5
24	35532.5
25	45178.0
26	56543.0
27	69612.0
28	85665.5
29	105356.0
30	126376.0
31	148428.5
32	172235.0
33	193846.5
34	214548.5
35	234655.5
36	248627.0
37	257690.0
38	262685.5
39	260480.0
40	251762.5
41	236999.5
42	216218.0
43	192279.0
44	165912.0
45	139167.5
46	113360.5
47	90737.0
48	72169.0
49	55453.0
50	42971.5
51	33245.5
52	24344.0
53	17885.0
54	12839.5
55	9267.0
56	6835.5
57	5062.5
58	3729.5
59	2751.0
60	1997.5
61	1408.5
62	972.0
63	675.0
64	445.5
65	284.0
66	187.5
67	125.0
68	83.0
69	55.5
70	37.5
71	23.5
72	18.0
73	14.5
74	6.5
75	1.0
76	1.0
77	1.5
78	0.5
79	0.0
80	0.0
81	0.5
82	1.0
83	0.5
84	0.0
85	0.0
86	0.0
87	0.0
88	0.0
89	0.0
90	0.0
91	0.0
92	0.0
93	0.0
94	0.0
95	0.0
96	0.0
97	0.0
98	0.0
99	0.0
100	0.0
>>END_MODULE
>>Per base N content	pass
#Base	N-Count
1	0.0
2	0.0
3	0.0
4	0.0
5	0.0
6	0.0
7	0.0
8	0.0
9	0.0
10-14	0.0
15-19	0.0
20-24	0.0
25-29	0.0
30-34	0.0
35-39	0.0
40-44	0.0
45-49	0.0
50-54	0.0
55-59	0.0
60-64	0.0
65-69	0.0
70-74	0.0
75-79	0.0
80-84	0.0
85-89	0.0
90-94	0.0
95-99	0.0
100-104	0.0
105-109	0.0
110-114	0.0
115-119	0.0
120-124	0.0
125-129	0.0
130-134	0.0
135-139	0.0
140-144	0.0
145-149	0.0
150-151	0.0
>>END_MODULE
>>Sequence Length Distribution	warn
#Length	Count
35-39	19931.0
40-44	32496.0
45-49	74738.0
50-54	69190.0
55-59	85178.0
60-64	120568.0
65-69	156297.0
70-74	204598.0
75-79	259134.0
80-84	318971.0
85-89	354777.0
90-94	368090.0
95-99	352401.0
100-104	319558.0
105-109	262118.0
110-114	203838.0
115-119	142817.0
120-124	93549.0
125-129	56323.0
130-134	31324.0
135-139	16185.0
140-144	7896.0
145-149	3829.0
150-152	2052.0
>>END_MODULE
>>Sequence Duplication Levels	pass
#Total Deduplicated Percentage	73.08451484809497
#Duplication Level	Percentage of deduplicated	Percentage of total
1	77.87747071868316	56.916371650716805
2	15.355912163382317	22.445587810215144
3	4.015665033666954	8.804487923340249
4	1.2747379798113123	3.7265442725180185
5	0.5374386892125959	1.963922293084933
6	0.28821123356919154	1.2638266907505207
7	0.1742886606658433	0.8916461545801188
8	0.12900177652007458	0.7542425801209616
9	0.08042235870882809	0.528986616225675
>10	0.2667524071898731	2.700623026543079
>50	9.897858983538458E-5	0.0037609819044994086
>100	0.0	0.0
>500	0.0	0.0
>1k	0.0	0.0
>5k	0.0	0.0
>10k+	0.0	0.0
>>END_MODULE
>>Overrepresented sequences	pass
>>END_MODULE
>>Adapter Content	pass
#Position	Illumina Universal Adapter	Illumina Small RNA 3' Adapter	Illumina Small RNA 5' Adapter	Nextera Transposase Sequence	SOLID Small RNA Adapter
1	0.0	0.0	0.0	0.0	0.0
2	0.0	0.0	0.0	0.0	0.0
3	0.0	0.0	0.0	0.0	0.0
4	0.0	0.0	0.0	0.0	0.0
5	0.0	0.0	0.0	0.0	0.0
6	0.0	0.0	0.0	0.0	0.0
7	0.0	2.8122607820672255E-5	0.0	0.0	0.0
8	0.0	2.8122607820672255E-5	0.0	0.0	0.0
9	0.0	2.8122607820672255E-5	0.0	0.0	0.0
10-11	0.0	2.8122607820672255E-5	0.0	0.0	0.0
12-13	0.0	2.8122607820672255E-5	0.0	0.0	0.0
14-15	0.0	2.8122607820672255E-5	0.0	0.0	0.0
16-17	0.0	2.8122607820672255E-5	0.0	0.0	0.0
18-19	0.0	2.8122607820672255E-5	0.0	0.0	0.0
20-21	0.0	2.8122607820672255E-5	0.0	0.0	0.0
22-23	0.0	2.8122607820672255E-5	0.0	0.0	0.0
24-25	0.0	2.8122607820672255E-5	0.0	0.0	0.0
26-27	0.0	2.8122607820672255E-5	0.0	0.0	0.0
28-29	0.0	2.8122607820672255E-5	0.0	0.0	0.0
30-31	0.0	2.8122607820672255E-5	0.0	0.0	0.0
32-33	0.0	2.8122607820672255E-5	0.0	0.0	0.0
34-35	0.0	2.8122607820672255E-5	0.0	0.0	0.0
36-37	0.0	2.8122607820672255E-5	0.0	0.0	0.0
38-39	0.0	2.8122607820672255E-5	0.0	0.0	0.0
40-41	0.0	2.8122607820672255E-5	0.0	0.0	0.0
42-43	1.4061303910336128E-5	2.8122607820672255E-5	0.0	0.0	0.0
44-45	2.8122607820672255E-5	2.8122607820672255E-5	0.0	0.0	0.0
46-47	2.8122607820672255E-5	2.8122607820672255E-5	0.0	0.0	0.0
48-49	5.624521564134451E-5	2.8122607820672255E-5	0.0	0.0	0.0
50-51	5.624521564134451E-5	2.8122607820672255E-5	0.0	0.0	0.0
52-53	5.624521564134451E-5	2.8122607820672255E-5	0.0	0.0	0.0
54-55	5.624521564134451E-5	2.8122607820672255E-5	0.0	0.0	0.0
56-57	5.624521564134451E-5	2.8122607820672255E-5	0.0	0.0	0.0
58-59	5.624521564134451E-5	2.8122607820672255E-5	0.0	0.0	0.0
60-61	5.624521564134451E-5	2.8122607820672255E-5	0.0	0.0	0.0
62-63	5.624521564134451E-5	2.8122607820672255E-5	0.0	0.0	0.0
64-65	5.624521564134451E-5	2.8122607820672255E-5	0.0	0.0	0.0
66-67	5.624521564134451E-5	2.8122607820672255E-5	0.0	0.0	0.0
68-69	5.624521564134451E-5	2.8122607820672255E-5	0.0	0.0	0.0
70-71	5.624521564134451E-5	2.8122607820672255E-5	0.0	0.0	0.0
72-73	5.624521564134451E-5	2.8122607820672255E-5	0.0	0.0	0.0
74-75	5.624521564134451E-5	2.8122607820672255E-5	0.0	0.0	0.0
76-77	5.624521564134451E-5	2.8122607820672255E-5	0.0	0.0	0.0
78-79	5.624521564134451E-5	2.8122607820672255E-5	0.0	0.0	0.0
80-81	5.624521564134451E-5	2.8122607820672255E-5	0.0	0.0	0.0
82-83	5.624521564134451E-5	2.8122607820672255E-5	0.0	0.0	0.0
84-85	5.624521564134451E-5	2.8122607820672255E-5	0.0	0.0	0.0
86-87	5.624521564134451E-5	2.8122607820672255E-5	0.0	0.0	0.0
88-89	5.624521564134451E-5	2.8122607820672255E-5	0.0	0.0	0.0
90-91	5.624521564134451E-5	2.8122607820672255E-5	0.0	0.0	0.0
92-93	5.624521564134451E-5	2.8122607820672255E-5	0.0	0.0	0.0
94-95	5.624521564134451E-5	2.8122607820672255E-5	0.0	0.0	0.0
96-97	5.624521564134451E-5	2.8122607820672255E-5	0.0	0.0	0.0
98-99	5.624521564134451E-5	2.8122607820672255E-5	0.0	0.0	0.0
100-101	5.624521564134451E-5	2.8122607820672255E-5	0.0	0.0	0.0
102-103	5.624521564134451E-5	2.8122607820672255E-5	0.0	0.0	0.0
104-105	5.624521564134451E-5	2.8122607820672255E-5	0.0	0.0	0.0
106-107	5.624521564134451E-5	2.8122607820672255E-5	0.0	0.0	0.0
108-109	5.624521564134451E-5	2.8122607820672255E-5	0.0	0.0	0.0
110-111	5.624521564134451E-5	2.8122607820672255E-5	0.0	0.0	0.0
112-113	5.624521564134451E-5	2.8122607820672255E-5	0.0	0.0	0.0
114-115	5.624521564134451E-5	2.8122607820672255E-5	0.0	0.0	0.0
116-117	5.624521564134451E-5	2.8122607820672255E-5	0.0	0.0	0.0
118-119	5.624521564134451E-5	2.8122607820672255E-5	0.0	0.0	0.0
120-121	5.624521564134451E-5	2.8122607820672255E-5	0.0	0.0	0.0
122-123	5.624521564134451E-5	2.8122607820672255E-5	0.0	0.0	0.0
124-125	5.624521564134451E-5	2.8122607820672255E-5	0.0	0.0	0.0
126-127	5.624521564134451E-5	2.8122607820672255E-5	0.0	0.0	0.0
128-129	5.624521564134451E-5	2.8122607820672255E-5	0.0	0.0	0.0
130-131	5.624521564134451E-5	2.8122607820672255E-5	0.0	0.0	0.0
132-133	5.624521564134451E-5	2.8122607820672255E-5	0.0	0.0	0.0
134-135	5.624521564134451E-5	2.8122607820672255E-5	0.0	0.0	0.0
136-137	5.624521564134451E-5	2.8122607820672255E-5	0.0	0.0	0.0
138-139	5.624521564134451E-5	2.8122607820672255E-5	0.0	0.0	0.0
>>END_MODULE
>>Kmer Content	warn
#Sequence	Count	PValue	Obs/Exp Max	Max Obs/Exp Position
TAGGTCT	845	3.713093E-4	4393.457	145
CACATTT	2460	0.0031462857	1509.1346	145
CGTTTAT	2805	0.004090472	1323.5192	145
GTCCCGT	325	0.009704545	913.83905	140-144
AGTAAAT	4090	0.008695193	907.69464	145
TACCACT	1335	0.0026213275	201.33047	135-139
TCTTATT	5025	0.0020306292	71.20966	140-144
AAATTTT	12595	1.3781808E-5	7.0180373	140-144
>>END_MODULE
