##FastQC	0.11.8
>>Basic Statistics	pass
#Measure	Value
Filename	SRR3306348_2.fastq.gz
File type	Conventional base calls
Encoding	Sanger / Illumina 1.9
Total Sequences	6645487
Sequences flagged as poor quality	0
Sequence length	35-151
%GC	38
>>END_MODULE
>>Per base sequence quality	fail
#Base	Mean	Median	Lower Quartile	Upper Quartile	10th Percentile	90th Percentile
1	30.485463142129387	32.0	32.0	33.0	18.0	34.0
2	30.96013234244533	32.0	32.0	33.0	29.0	34.0
3	31.358388632766868	33.0	32.0	33.0	29.0	34.0
4	31.09659186753356	33.0	32.0	33.0	29.0	34.0
5	31.53843804073351	33.0	32.0	33.0	29.0	34.0
6	34.314166441074974	37.0	33.0	37.0	31.0	37.0
7	34.300500625462064	37.0	33.0	37.0	31.0	37.0
8	34.44198641875306	37.0	33.0	37.0	31.0	37.0
9	34.51673925477546	37.0	33.0	37.0	32.0	37.0
10-14	34.98008633528288	37.4	34.6	37.4	31.6	37.4
15-19	35.83647452775094	38.0	37.0	38.0	32.4	38.0
20-24	35.865431502612225	38.0	37.0	38.4	32.0	38.4
25-29	36.10164790029685	38.0	37.0	39.0	32.0	39.0
30-34	35.954722806620495	38.0	37.0	39.0	32.0	39.0
35-39	35.63889089018413	38.0	36.2	39.0	32.0	39.0
40-44	35.21625194989606	38.0	35.4	39.0	22.4	39.0
45-49	34.85941730920236	38.0	35.4	39.0	18.8	39.0
50-54	34.68241696241957	38.0	35.0	39.0	18.4	39.0
55-59	34.54090015823657	37.4	35.0	39.0	18.0	39.0
60-64	34.31304872058574	37.0	34.0	39.0	17.8	39.0
65-69	34.00987802125701	37.0	33.0	39.0	17.0	39.0
70-74	33.61920788200821	37.0	33.0	38.8	17.0	39.0
75-79	33.13910461737961	37.0	32.8	38.0	17.0	39.0
80-84	32.720230363394215	37.0	31.8	38.0	16.6	39.0
85-89	32.17899116565955	36.6	30.4	38.0	16.0	39.0
90-94	31.56879452514655	36.0	29.0	38.0	16.0	39.0
95-99	30.900346144100276	35.6	19.6	38.0	16.0	39.0
100-104	30.29083542701603	34.6	19.0	37.4	16.0	39.0
105-109	29.57544815608395	33.0	18.6	37.0	16.0	39.0
110-114	28.87670815024121	33.0	18.0	37.0	15.6	38.0
115-119	28.128606526849932	32.4	18.0	37.0	15.0	38.0
120-124	27.40732930187405	30.4	17.6	37.0	14.6	38.0
125-129	26.65944032307446	30.0	17.0	36.2	14.0	38.0
130-134	25.964273145673474	28.6	17.0	35.4	14.0	38.0
135-139	25.182897963911852	26.4	16.0	34.0	14.0	37.2
140-144	24.488125132509353	19.0	16.0	33.0	14.0	37.0
145-149	23.709127620371284	18.0	16.0	33.0	14.0	37.0
150-151	22.02945406833015	17.5	15.5	29.5	14.0	35.0
>>END_MODULE
>>Per sequence quality scores	pass
#Quality	Count
2	2056.0
3	0.0
4	0.0
5	0.0
6	0.0
7	0.0
8	0.0
9	0.0
10	0.0
11	0.0
12	0.0
13	0.0
14	63.0
15	2763.0
16	10633.0
17	9029.0
18	8806.0
19	14903.0
20	32827.0
21	59947.0
22	87253.0
23	113490.0
24	140549.0
25	167171.0
26	195896.0
27	231853.0
28	283525.0
29	358309.0
30	468165.0
31	613866.0
32	778726.0
33	913724.0
34	916460.0
35	707072.0
36	367147.0
37	149829.0
38	11425.0
>>END_MODULE
>>Per base sequence content	fail
#Base	G	A	T	C
1	24.23955332718892	25.468150418059583	24.327053295202433	25.965242959549062
2	20.492634001918585	34.116302254061196	27.891627082451826	17.499436661568396
3	13.374851037062024	33.44192180215313	33.01351364979933	20.169713510985513
4	17.542200709241957	35.20801224547978	29.10341057203725	18.14637647324101
5	19.636088641546813	35.562497751538324	27.81427247456924	16.98714113234562
6	19.38063329023813	37.507787768097536	27.13635469383215	15.975224247832182
7	17.863555744012395	32.69763771159812	32.93302812959148	16.505778414798016
8	18.653418692841093	32.58686663562849	30.354571305098222	18.405143366432196
9	18.157138984359136	29.93141646236711	33.24256698082662	18.66887757244713
10-14	19.669891044849898	31.688650990388883	29.930366701494055	18.711091263267164
15-19	19.256128346933988	31.474146416211745	30.459053461983725	18.810671774870542
20-24	19.197153374428165	31.469559372846934	30.733740765388873	18.59954648733603
25-29	18.896823042190096	31.922583375969438	30.817756668203522	18.362836913636947
30-34	18.95708708346636	31.638814341565375	31.016732167459853	18.38736640750841
35-39	18.783136711401262	31.70328067915682	30.998757107485737	18.51482550195618
40-44	19.128609183700878	31.546034721206357	30.923316876290524	18.402039218802248
45-49	18.979553605649013	31.577870996111308	30.95428230965504	18.48829308858464
50-54	18.918957426399388	31.58807858112803	30.92334610187426	18.56961789059832
55-59	18.81418751437034	31.653418467183236	31.07120145250779	18.46119256593863
60-64	18.74521564104029	31.937597008993198	30.9022975862157	18.414889763750818
65-69	18.777836527725967	31.858863624380522	30.834979856558682	18.528319991334833
70-74	18.89473640495266	31.692945677463356	30.87964544069637	18.532672476887612
75-79	18.806842651522413	31.626461659434746	30.93367807903567	18.63301761000717
80-84	18.912573338352377	31.516095322813992	30.8892070999589	18.68212423887473
85-89	18.960238652361124	31.52438583149503	30.78578892031069	18.72958659583315
90-94	18.909348068131848	31.507977972866808	30.84001740930342	18.742656549697923
95-99	18.95549345575388	31.409388191214493	30.77151583396883	18.8636025190628
100-104	19.034401796984405	31.456809222814798	30.644965986827433	18.863822993373365
105-109	19.025781858037362	31.422113384496225	30.604556326760363	18.94754843070605
110-114	19.12491375669875	31.287888417873017	30.481917908080735	19.1052799173475
115-119	19.257475018814347	31.1921919550313	30.36376929260682	19.186563733547537
120-124	19.29960792911953	31.16748165779845	30.23912104857121	19.2937893645108
125-129	19.440684439604915	31.02244760099672	30.07412452192664	19.46274343747172
130-134	19.610897634741782	30.914095804849477	29.919772331281507	19.55523422912723
135-139	19.701459411341833	30.790812275916444	29.744997448970246	19.762730863771473
140-144	19.87868906645802	30.67547108592577	29.519194385757714	19.9266454618585
145-149	20.28111166168123	30.116619428005492	29.366140677619757	20.236128232693517
150-151	21.114665630496464	15.780026684894185	37.60843017378406	25.49687751082529
>>END_MODULE
>>Per sequence GC content	pass
#GC Content	Count
0	2056.0
1	1028.0
2	0.5
3	1.5
4	2.5
5	3.5
6	3.5
7	3.5
8	9.5
9	23.5
10	41.5
11	65.0
12	184.0
13	368.5
14	710.0
15	1469.0
16	2590.0
17	3988.0
18	5771.0
19	8440.0
20	12297.5
21	17311.5
22	24205.5
23	32912.0
24	43252.5
25	56251.5
26	72515.5
27	90674.0
28	113161.0
29	142208.0
30	175194.5
31	210367.5
32	248318.5
33	287956.0
34	327236.5
35	364224.5
36	393219.5
37	414646.0
38	430294.5
39	434109.5
40	424657.0
41	404293.0
42	372771.5
43	332183.0
44	285173.0
45	236075.0
46	189868.5
47	148865.0
48	114025.0
49	86062.0
50	63731.5
51	46749.0
52	34571.0
53	25045.5
54	17841.0
55	12411.5
56	8807.5
57	6671.0
58	5020.0
59	3579.5
60	2492.5
61	1671.0
62	1134.5
63	789.0
64	498.5
65	296.0
66	185.5
67	120.0
68	75.0
69	49.5
70	44.0
71	46.0
72	39.5
73	26.0
74	20.5
75	14.0
76	11.0
77	11.0
78	11.5
79	11.5
80	12.5
81	10.0
82	5.5
83	7.5
84	9.0
85	10.5
86	11.5
87	9.0
88	9.5
89	9.5
90	7.5
91	7.0
92	6.0
93	7.0
94	8.5
95	9.5
96	9.0
97	8.5
98	11.0
99	15.5
100	30.0
>>END_MODULE
>>Per base N content	pass
#Base	N-Count
1	0.03093828939850458
2	0.03093828939850458
3	0.03093828939850458
4	0.03093828939850458
5	0.03093828939850458
6	0.03093828939850458
7	0.03093828939850458
8	0.03093828939850458
9	0.03093828939850458
10-14	0.030941298959730114
15-19	0.03093828939850458
20-24	0.030941298959730114
25-29	0.03093828939850458
30-34	0.03093828939850458
35-39	0.00619074212454647
40-44	0.0
45-49	0.0
50-54	0.0
55-59	0.0
60-64	0.0
65-69	0.0
70-74	0.0
75-79	0.0
80-84	3.069625867859973E-6
85-89	0.0
90-94	3.08653692717347E-6
95-99	0.0
100-104	6.208057394235577E-6
105-109	3.112653174829978E-6
110-114	0.0
115-119	3.128945110887155E-6
120-124	3.1366924130562187E-6
125-129	3.144546995459243E-6
130-134	9.455308366129333E-6
135-139	6.315993048112771E-6
140-144	0.0
145-149	3.18986154820632E-6
150-151	3.0388193984049236E-5
>>END_MODULE
>>Sequence Length Distribution	warn
#Length	Count
35-39	7077.0
40-44	9169.0
45-49	12134.0
50-54	14262.0
55-59	14877.0
60-64	15472.0
65-69	16233.0
70-74	16846.0
75-79	17048.0
80-84	17544.0
85-89	17718.0
90-94	18414.0
95-99	18259.0
100-104	17929.0
105-109	17500.0
110-114	16632.0
115-119	15848.0
120-124	15566.0
125-129	16677.0
130-134	12115.0
135-139	15255.0
140-144	17050.0
145-149	472998.0
150-152	5832864.0
>>END_MODULE
>>Sequence Duplication Levels	warn
#Total Deduplicated Percentage	59.00701777992916
#Duplication Level	Percentage of deduplicated	Percentage of total
1	65.38752179657838	38.58322661236207
2	19.843219249561727	23.41778382139843
3	8.051718746060526	14.253237336233473
4	3.307192974382466	7.8059037856417195
5	1.3687075969936993	4.038167675566567
6	0.6709093553654754	2.375301615646285
7	0.35145258195049356	1.451671812636835
8	0.21439960866713922	1.0120865216505393
9	0.16489958605650953	0.8757209525705477
>10	0.6340435871273492	5.938423428376656
>50	0.00587907332583221	0.21539978753637168
>100	3.033539966346998E-5	0.0021301017460913204
>500	0.0	0.0
>1k	2.5508530734273045E-5	0.03094654863442557
>5k	0.0	0.0
>10k+	0.0	0.0
>>END_MODULE
>>Overrepresented sequences	pass
>>END_MODULE
>>Adapter Content	pass
#Position	Illumina Universal Adapter	Illumina Small RNA 3' Adapter	Illumina Small RNA 5' Adapter	Nextera Transposase Sequence	SOLID Small RNA Adapter
1	0.0	0.0	0.0	0.0	0.0
2	0.0	0.0	0.0	0.0	0.0
3	0.0	0.0	0.0	0.0	0.0
4	0.0	0.0	0.0	0.0	0.0
5	0.0	0.0	0.0	0.0	0.0
6	0.0	0.0	0.0	0.0	0.0
7	0.0	0.0	0.0	0.0	0.0
8	0.0	0.0	0.0	0.0	0.0
9	0.0	0.0	1.5047806127677325E-5	0.0	0.0
10-14	0.0	0.0	1.5047806127677323E-5	0.0	1.5047806127677323E-5
15-19	0.0	0.0	1.5047806127677323E-5	0.0	1.5047806127677323E-5
20-24	0.0	0.0	1.5047806127677323E-5	0.0	1.5047806127677323E-5
25-29	9.028683676606395E-6	0.0	2.1066928578748254E-5	0.0	1.5047806127677323E-5
30-34	1.3843981637463138E-4	0.0	3.0095612255354646E-5	0.0	1.5047806127677323E-5
35-39	7.373425002561889E-4	0.0	3.0095612255354646E-5	0.0	1.5047806127677323E-5
40-44	0.001890004449636272	0.0	3.0095612255354646E-5	0.0	1.5047806127677323E-5
45-49	0.003572349174710597	0.0	3.0095612255354646E-5	0.0	1.5047806127677323E-5
50-54	0.005715156767291848	0.0	3.0095612255354646E-5	0.0	1.5047806127677323E-5
55-59	0.008468905288656799	0.0	3.0095612255354646E-5	0.0	1.5047806127677323E-5
60-64	0.011809518249001163	0.0	3.0095612255354646E-5	0.0	1.5047806127677323E-5
65-69	0.01589349283205279	0.0	3.0095612255354646E-5	0.0	1.5047806127677323E-5
70-74	0.02075092465006703	0.0	3.0095612255354646E-5	0.0	1.5047806127677323E-5
75-79	0.026827228764423134	0.0	3.0095612255354646E-5	0.0	1.5047806127677323E-5
80-84	0.03400503228732522	0.0	3.0095612255354646E-5	0.0	1.5047806127677323E-5
85-89	0.04314206016805089	1.5047806127677323E-5	3.0095612255354646E-5	0.0	1.5047806127677323E-5
90-94	0.054521211161800476	1.5047806127677323E-5	3.0095612255354646E-5	0.0	1.5047806127677323E-5
95-99	0.0695509599221246	2.7086051029819182E-5	6.621034696178022E-5	0.0	2.7086051029819182E-5
100-104	0.08998889020473592	3.0095612255354646E-5	7.523903063838662E-5	0.0	3.310517348089011E-5
105-109	0.11606974778522627	4.514341838303197E-5	8.125815308945755E-5	0.0	4.514341838303197E-5
110-114	0.14930132283758887	4.514341838303197E-5	9.028683676606395E-5	0.0	4.514341838303197E-5
115-119	0.1914111035052811	6.320078573624476E-5	9.028683676606395E-5	0.0	6.019122451070929E-5
120-124	0.23795998698063814	1.0533464289374126E-4	9.028683676606395E-5	0.0	6.621034696178022E-5
125-129	0.2789893351683631	1.354302551490959E-4	9.028683676606395E-5	0.0	7.523903063838662E-5
130-134	0.32451797738826366	1.5047806127677324E-4	9.028683676606395E-5	0.0	8.426771431499302E-5
135-139	0.3726107657723204	1.896023572087343E-4	9.028683676606395E-5	0.0	9.028683676606395E-5
140	0.3781965114069142	2.1066928578748254E-4	1.0533464289374127E-4	0.0	1.0533464289374127E-4
>>END_MODULE
