##FastQC	0.11.5
>>Basic Statistics	pass
#Measure	Value
Filename	SRR3306348_1_trimmed.fastq.gz
File type	Conventional base calls
Encoding	Sanger / Illumina 1.9
Total Sequences	4052840
Sequences flagged as poor quality	0
Sequence length	36-151
%GC	37
>>END_MODULE
>>Per base sequence quality	pass
#Base	Mean	Median	Lower Quartile	Upper Quartile	10th Percentile	90th Percentile
1	33.430073726078504	33.0	33.0	34.0	32.0	34.0
2	33.554891631547264	34.0	33.0	34.0	32.0	35.0
3	33.60303984366519	34.0	33.0	34.0	33.0	35.0
4	33.63579095153028	34.0	33.0	34.0	33.0	35.0
5	33.60855671578449	34.0	33.0	34.0	33.0	35.0
6	36.233081493471246	37.0	37.0	37.0	33.0	37.0
7	36.261853663110315	37.0	37.0	37.0	34.0	37.0
8	36.16471017854147	37.0	37.0	37.0	33.0	37.0
9	36.22018584498771	37.0	37.0	37.0	33.0	37.0
10-14	36.85896220921625	37.4	37.4	37.4	35.4	37.4
15-19	37.76825223793686	38.0	38.0	38.0	38.0	38.0
20-24	38.01672274257065	38.4	38.0	38.4	37.6	38.4
25-29	38.38831821636186	39.0	38.0	39.0	37.0	39.0
30-34	38.3250426861164	39.0	38.0	39.0	37.0	39.0
35-39	38.24815555059	39.0	38.0	39.0	37.0	39.0
40-44	38.16186074269321	39.0	38.0	39.0	37.0	39.0
45-49	38.084887198390284	39.0	38.0	39.0	37.0	39.0
50-54	37.900880307701776	39.0	38.0	39.0	36.2	39.0
55-59	37.83177659456716	39.0	38.0	39.0	36.0	39.0
60-64	37.64533589291962	38.8	37.0	39.0	36.0	39.0
65-69	37.46098324509593	38.0	37.0	39.0	36.0	39.0
70-74	37.257603547170575	38.0	37.0	39.0	35.0	39.0
75-79	37.03245524045444	38.0	37.0	39.0	34.2	39.0
80-84	36.757859878743204	38.0	37.0	39.0	33.2	39.0
85-89	36.511177474230706	38.0	36.4	39.0	33.0	39.0
90-94	36.28304645933588	38.0	36.0	39.0	33.0	39.0
95-99	36.038168471064	37.0	36.0	39.0	33.0	39.0
100-104	35.83521220994783	37.0	36.0	39.0	32.2	39.0
105-109	35.7144825207947	37.0	35.8	39.0	31.4	39.0
110-114	35.527307836251694	37.0	35.0	38.4	31.0	39.0
115-119	35.37688319268149	37.0	35.0	38.0	30.4	39.0
120-124	35.256903744887666	37.0	35.0	38.0	30.0	39.0
125-129	35.16479446375047	37.0	34.4	38.0	30.0	39.0
130-134	35.04483361211017	37.0	34.0	38.0	30.0	39.0
135-139	34.906459905853254	37.0	34.0	38.0	30.0	39.0
140-144	34.887042467387666	37.0	34.0	38.0	30.0	39.0
145-149	34.82807505119196	37.0	33.6	38.0	29.8	39.0
150-151	36.22377701676736	37.0	35.0	39.0	31.5	39.0
>>END_MODULE
>>Per sequence quality scores	pass
#Quality	Count
32	11.0
33	704.0
34	15794.0
35	153553.0
36	1051438.0
37	2678996.0
38	152344.0
>>END_MODULE
>>Per base sequence content	fail
#Base	G	A	T	C
1	23.3105427305297	25.216292772475597	24.951614176725457	26.521550320269245
2	19.88995371147146	32.974161328845945	28.62054756664462	18.515337393037967
3	13.196030437915141	32.84180969394301	33.41291538772811	20.549244480413734
4	17.417465283603597	34.79345347953534	29.965875780933864	17.8232054559272
5	18.852039557446137	35.30043130249405	28.531178136812702	17.316351003247103
6	18.299390057342503	37.29263923569645	28.088007421955965	16.31996328500508
7	16.93479140553291	32.39965061537095	33.896773620473546	16.768784358622597
8	18.115716386533887	31.91895066175817	31.13885571599175	18.826477235716187
9	17.36767303915279	29.49519349394499	34.11999980260755	19.017133664294665
10-14	18.883385477837763	31.282971940663828	30.74408562884298	19.089556952655425
15-19	18.535925425133982	31.167127249040178	31.157923826255168	19.13902349957067
20-24	18.357699785829197	31.094723699924003	31.535338182607752	19.012238331639047
25-29	18.275322983389426	31.32841168168494	31.635687567236804	18.76057776768883
30-34	18.26741248112435	31.28538012850248	31.713129558531794	18.734077831841375
35-39	18.31762751762382	31.27853231980048	31.61846819739863	18.785371965177074
40-44	18.37465808435277	31.24622974432481	31.629265230583464	18.749846940738955
45-49	18.324478411697502	31.291238238117998	31.69661029326723	18.687673056917276
50-54	18.332906034781146	31.130712234152586	31.687538103104025	18.848843627962246
55-59	18.348480112012407	31.19729833815541	31.723784230245723	18.73043731958646
60-64	18.248164763323018	31.2557885393063	31.780942529666646	18.715104167704038
65-69	18.19189078588136	31.239714368207892	31.779114797267326	18.78928004864342
70-74	18.198417476457283	31.243501053251045	31.859477474216586	18.698603996075086
75-79	18.044045865978422	31.256295802611195	31.991034924058876	18.708623407351507
80-84	17.977855123130453	31.233120952697703	32.09110067950501	18.69792324466684
85-89	17.894972220252765	31.290914409429643	32.180044654323744	18.63406871599384
90-94	17.75438593557271	31.327234740094507	32.375739011343065	18.542640312989718
95-99	17.62482188573099	31.257296992632554	32.552365100097084	18.56551602153937
100-104	17.504835335031128	31.288742644202106	32.783633012523985	18.42278900824278
105-109	17.270010783570747	31.279664388214474	33.179814992743864	18.27050983547091
110-114	17.085086442401643	31.307296847985594	33.450281125209834	18.157335584402922
115-119	16.826203142192917	31.316326615033503	33.88240355420241	17.975066688571168
120-124	16.58205658697825	31.41287187168028	34.33569188360975	17.66937965773172
125-129	16.34442993426149	31.263603296516816	34.89250167850845	17.499465090713237
130-134	16.076396396396397	31.415135135135134	35.39927927927928	17.109189189189188
135-139	15.663567456789378	31.189252723738342	36.1243802836003	17.022799535871975
140-144	15.405547011002755	31.492216945256647	36.4358510656278	16.6663849781128
145-149	15.33704644114997	30.80514374641658	37.23892210664264	16.61888770579081
150-151	12.999010227647641	21.478060046189377	48.26789838337183	17.255031342791156
>>END_MODULE
>>Per sequence GC content	pass
#GC Content	Count
0	0.0
1	0.5
2	1.0
3	2.0
4	3.0
5	2.5
6	5.0
7	11.5
8	19.0
9	45.0
10	103.0
11	204.0
12	383.0
13	628.0
14	1105.0
15	2011.5
16	3166.0
17	4549.0
18	6441.5
19	9052.5
20	12659.5
21	17449.0
22	23563.5
23	31082.0
24	40052.0
25	50765.5
26	63777.5
27	78797.0
28	97703.5
29	120150.0
30	144592.0
31	170686.0
32	197677.0
33	222559.5
34	247205.0
35	270136.5
36	286176.0
37	297230.5
38	303375.5
39	301843.0
40	291873.0
41	274477.0
42	250622.0
43	223159.5
44	193866.5
45	163247.0
46	132652.0
47	106143.5
48	84793.0
49	65840.5
50	51196.5
51	39664.5
52	29188.5
53	21590.0
54	15657.0
55	11295.5
56	8348.5
57	6259.0
58	4677.5
59	3441.5
60	2427.5
61	1710.5
62	1236.0
63	843.5
64	547.0
65	364.0
66	243.0
67	160.5
68	108.0
69	69.0
70	46.5
71	32.0
72	24.5
73	23.5
74	16.5
75	6.5
76	3.0
77	2.5
78	2.0
79	1.0
80	0.0
81	0.0
82	0.0
83	0.5
84	1.0
85	0.5
86	0.0
87	0.0
88	0.0
89	0.0
90	0.0
91	0.0
92	0.0
93	0.0
94	0.0
95	0.0
96	0.0
97	0.0
98	0.0
99	0.0
100	0.0
>>END_MODULE
>>Per base N content	pass
#Base	N-Count
1	0.0
2	0.0
3	0.0
4	0.0
5	0.0
6	0.0
7	0.0
8	0.0
9	0.0
10-14	0.0
15-19	0.0
20-24	0.0
25-29	0.0
30-34	0.0
35-39	0.0
40-44	0.0
45-49	0.0
50-54	0.0
55-59	0.0
60-64	0.0
65-69	0.0
70-74	0.0
75-79	0.0
80-84	0.0
85-89	0.0
90-94	0.0
95-99	0.0
100-104	0.0
105-109	0.0
110-114	0.0
115-119	0.0
120-124	0.0
125-129	0.0
130-134	0.0
135-139	0.0
140-144	0.0
145-149	0.0
150-151	0.0
>>END_MODULE
>>Sequence Length Distribution	warn
#Length	Count
35-39	31789.0
40-44	50365.0
45-49	96619.0
50-54	92647.0
55-59	110053.0
60-64	148397.0
65-69	184590.0
70-74	234020.0
75-79	289041.0
80-84	351962.0
85-89	390159.0
90-94	401105.0
95-99	387532.0
100-104	352950.0
105-109	292342.0
110-114	230532.0
115-119	163506.0
120-124	108391.0
125-129	64809.0
130-134	36818.0
135-139	19056.0
140-144	9300.0
145-149	4476.0
150-152	2381.0
>>END_MODULE
>>Sequence Duplication Levels	pass
#Total Deduplicated Percentage	72.68626208116711
#Duplication Level	Percentage of deduplicated	Percentage of total
1	77.6560845407191	56.445305131239785
2	15.28748714140405	22.22380593845134
3	4.2273048845891665	9.218009722147382
4	1.3484941431559896	3.9206799481742056
5	0.534190528327192	1.9414156371633704
6	0.2881322447302996	1.2565953512700923
7	0.18492189160587627	0.940889675446693
8	0.12184033648200525	0.7084894903670896
9	0.08152089272804579	0.5332904076529302
>10	0.26974542343573343	2.800981242902227
>50	2.7797282253214046E-4	0.010537455184880876
>100	0.0	0.0
>500	0.0	0.0
>1k	0.0	0.0
>5k	0.0	0.0
>10k+	0.0	0.0
>>END_MODULE
>>Overrepresented sequences	pass
>>END_MODULE
>>Adapter Content	pass
#Position	Illumina Universal Adapter	Illumina Small RNA 3' Adapter	Illumina Small RNA 5' Adapter	Nextera Transposase Sequence	SOLID Small RNA Adapter
1	0.0	0.0	0.0	0.0	0.0
2	0.0	0.0	0.0	0.0	0.0
3	0.0	0.0	0.0	0.0	0.0
4	0.0	0.0	0.0	0.0	0.0
5	0.0	0.0	0.0	0.0	0.0
6	0.0	0.0	0.0	0.0	0.0
7	0.0	0.0	0.0	0.0	0.0
8	0.0	0.0	0.0	0.0	0.0
9	0.0	0.0	0.0	0.0	0.0
10-11	0.0	0.0	0.0	0.0	0.0
12-13	0.0	0.0	0.0	0.0	0.0
14-15	0.0	0.0	0.0	0.0	0.0
16-17	0.0	0.0	0.0	0.0	0.0
18-19	0.0	0.0	0.0	0.0	0.0
20-21	0.0	0.0	0.0	0.0	0.0
22-23	0.0	0.0	0.0	0.0	0.0
24-25	0.0	0.0	0.0	0.0	0.0
26-27	0.0	0.0	0.0	0.0	0.0
28-29	0.0	0.0	0.0	0.0	0.0
30-31	0.0	0.0	0.0	0.0	0.0
32-33	0.0	0.0	0.0	0.0	0.0
34-35	0.0	0.0	0.0	0.0	0.0
36-37	0.0	0.0	0.0	0.0	0.0
38-39	2.4674055723887447E-5	0.0	0.0	0.0	0.0
40-41	2.4674055723887447E-5	0.0	0.0	0.0	0.0
42-43	2.4674055723887447E-5	0.0	0.0	0.0	0.0
44-45	2.4674055723887447E-5	0.0	0.0	0.0	0.0
46-47	2.4674055723887447E-5	0.0	0.0	0.0	0.0
48-49	2.4674055723887447E-5	0.0	0.0	0.0	0.0
50-51	2.4674055723887447E-5	0.0	0.0	0.0	0.0
52-53	2.4674055723887447E-5	0.0	0.0	0.0	0.0
54-55	2.4674055723887447E-5	0.0	0.0	0.0	0.0
56-57	2.4674055723887447E-5	0.0	0.0	0.0	0.0
58-59	2.4674055723887447E-5	0.0	0.0	0.0	0.0
60-61	2.4674055723887447E-5	0.0	0.0	0.0	0.0
62-63	3.701108358583117E-5	0.0	0.0	0.0	0.0
64-65	4.9348111447774894E-5	0.0	0.0	0.0	0.0
66-67	4.9348111447774894E-5	0.0	0.0	0.0	0.0
68-69	4.9348111447774894E-5	0.0	0.0	0.0	0.0
70-71	9.869622289554979E-5	0.0	0.0	0.0	0.0
72-73	9.869622289554979E-5	0.0	0.0	0.0	0.0
74-75	9.869622289554979E-5	0.0	0.0	0.0	0.0
76-77	1.1103325075749351E-4	0.0	0.0	0.0	0.0
78-79	1.2337027861943723E-4	0.0	0.0	0.0	0.0
80-81	1.3570730648138096E-4	0.0	0.0	0.0	0.0
82-83	1.4804433434332468E-4	0.0	0.0	0.0	0.0
84-85	1.7271839006721213E-4	0.0	0.0	0.0	0.0
86-87	1.7271839006721213E-4	0.0	0.0	0.0	0.0
88-89	1.7271839006721213E-4	0.0	0.0	0.0	0.0
90-91	1.9739244579109957E-4	0.0	0.0	0.0	0.0
92-93	1.9739244579109957E-4	0.0	0.0	0.0	0.0
94-95	1.9739244579109957E-4	0.0	0.0	0.0	0.0
96-97	1.9739244579109957E-4	0.0	0.0	0.0	0.0
98-99	1.9739244579109957E-4	0.0	0.0	0.0	0.0
100-101	1.9739244579109957E-4	0.0	0.0	0.0	0.0
102-103	1.9739244579109957E-4	0.0	0.0	0.0	0.0
104-105	1.9739244579109957E-4	0.0	0.0	0.0	0.0
106-107	1.9739244579109957E-4	0.0	0.0	0.0	0.0
108-109	1.9739244579109957E-4	0.0	0.0	0.0	0.0
110-111	1.9739244579109957E-4	0.0	0.0	0.0	0.0
112-113	1.9739244579109957E-4	0.0	0.0	0.0	0.0
114-115	1.9739244579109957E-4	0.0	0.0	0.0	0.0
116-117	1.9739244579109957E-4	0.0	0.0	0.0	0.0
118-119	1.9739244579109957E-4	0.0	0.0	0.0	0.0
120-121	1.9739244579109957E-4	0.0	0.0	0.0	0.0
122-123	1.9739244579109957E-4	0.0	0.0	0.0	0.0
124-125	1.9739244579109957E-4	0.0	0.0	0.0	0.0
126-127	1.9739244579109957E-4	0.0	0.0	0.0	0.0
128-129	1.9739244579109957E-4	0.0	0.0	0.0	0.0
130-131	1.9739244579109957E-4	0.0	0.0	0.0	0.0
132-133	1.9739244579109957E-4	0.0	0.0	0.0	0.0
134-135	1.9739244579109957E-4	0.0	0.0	0.0	0.0
136-137	1.9739244579109957E-4	0.0	0.0	0.0	0.0
138-139	1.9739244579109957E-4	0.0	0.0	0.0	0.0
>>END_MODULE
>>Kmer Content	warn
#Sequence	Count	PValue	Obs/Exp Max	Max Obs/Exp Position
ACCCCCG	85	0.0029904344	1651.3313	140-144
CATCGCT	2115	0.0042606317	1327.3114	145
AACCCCC	340	0.00893288	952.6912	140-144
TCCCAAT	3165	0.009539167	886.971	145
GGTACTG	1020	8.953282E-4	6.8776817	125-129
>>END_MODULE
