##FastQC	0.11.5
>>Basic Statistics	pass
#Measure	Value
Filename	SRR3306347_1_trimmed.fastq.gz
File type	Conventional base calls
Encoding	Sanger / Illumina 1.9
Total Sequences	2966945
Sequences flagged as poor quality	0
Sequence length	36-151
%GC	36
>>END_MODULE
>>Per base sequence quality	pass
#Base	Mean	Median	Lower Quartile	Upper Quartile	10th Percentile	90th Percentile
1	33.45909681507409	34.0	33.0	34.0	32.0	34.0
2	33.58404419360655	34.0	33.0	34.0	33.0	35.0
3	33.6322334927004	34.0	33.0	34.0	33.0	35.0
4	33.66384142611339	34.0	33.0	34.0	33.0	35.0
5	33.62951183793431	34.0	33.0	34.0	33.0	35.0
6	36.24618285812511	37.0	37.0	37.0	34.0	37.0
7	36.27780056590196	37.0	37.0	37.0	34.0	37.0
8	36.17972830638923	37.0	37.0	37.0	33.0	37.0
9	36.235425328073156	37.0	37.0	37.0	34.0	37.0
10-14	36.87638591210824	37.4	37.4	37.4	35.6	37.4
15-19	37.789272804180726	38.0	38.0	38.0	38.0	38.0
20-24	38.038158644666474	38.4	38.0	38.4	38.0	38.4
25-29	38.411153964768474	39.0	38.0	39.0	37.4	39.0
30-34	38.34792657093407	39.0	38.0	39.0	37.0	39.0
35-39	38.2707295912228	39.0	38.0	39.0	37.0	39.0
40-44	38.1783660774738	39.0	38.0	39.0	37.0	39.0
45-49	38.095457395824816	39.0	38.0	39.0	37.0	39.0
50-54	37.90135382317624	39.0	38.0	39.0	36.2	39.0
55-59	37.82638102643302	39.0	38.0	39.0	36.0	39.0
60-64	37.63185592949107	38.6	37.0	39.0	36.0	39.0
65-69	37.437931291533395	38.0	37.0	39.0	35.8	39.0
70-74	37.228022424506904	38.0	37.0	39.0	35.0	39.0
75-79	36.99774497931317	38.0	37.0	39.0	33.8	39.0
80-84	36.72155961023825	38.0	37.0	39.0	33.0	39.0
85-89	36.473114546209004	38.0	36.4	39.0	33.0	39.0
90-94	36.24513062439164	37.8	36.0	39.0	33.0	39.0
95-99	35.999132283165366	37.0	36.0	39.0	32.8	39.0
100-104	35.80284575804795	37.0	36.0	38.8	32.0	39.0
105-109	35.684680305346404	37.0	35.4	39.0	31.4	39.0
110-114	35.49951157161404	37.0	35.0	38.2	31.0	39.0
115-119	35.36603867299513	37.0	35.0	38.0	30.4	39.0
120-124	35.241611542108316	37.0	35.0	38.0	30.0	39.0
125-129	35.16424772875867	37.0	34.4	38.0	30.0	39.0
130-134	35.018915849576345	37.0	34.0	38.0	30.0	39.0
135-139	34.90902515974313	37.0	34.0	38.0	30.0	39.0
140-144	34.90688451960112	37.0	34.0	38.0	30.0	39.0
145-149	34.77069488619211	37.0	33.6	38.0	29.4	39.0
150-151	36.128197603326	37.0	35.0	38.5	31.5	39.0
>>END_MODULE
>>Per sequence quality scores	pass
#Quality	Count
32	2.0
33	370.0
34	8231.0
35	92871.0
36	765511.0
37	1999229.0
38	100731.0
>>END_MODULE
>>Per base sequence content	fail
#Base	G	A	T	C
1	22.98643891275369	25.600912723356856	24.635845962766414	26.77680240112304
2	19.65496495553507	33.033676053988195	29.255142916366832	18.0562160741099
3	13.06734705227094	32.99228667872172	33.536213175505445	20.4041530935019
4	17.254819351218174	34.97139313334086	29.945988213465363	17.8277993019756
5	18.869645375967536	35.57925745168852	28.352362446894023	17.198734725449917
6	18.346177633896147	37.5320742379788	27.931559230117177	16.190188898007886
7	16.90263890972027	32.670912335752774	33.89911171255281	16.527337041974153
8	18.151229631826677	32.138917303825984	31.004079954296422	18.70577311005091
9	17.405513078267376	29.530476635057273	34.14202150697098	18.921988779704378
10-14	18.921065270842565	31.43312060048299	30.625360429667552	19.020453699006893
15-19	18.58830547920504	31.248459273764766	31.06448552298745	19.098749724042744
20-24	18.39413942624484	31.229537453508577	31.44494421029038	18.9313789099562
25-29	18.323689856064064	31.453565873314133	31.55937841786754	18.663365852754264
30-34	18.30547583457058	31.382839924568874	31.642318950974825	18.669365289885725
35-39	18.350057644694058	31.382195566217717	31.563709999137572	18.70403678995065
40-44	18.39930338740274	31.366668951104003	31.581710349604748	18.65231731188851
45-49	18.351209481092305	31.422315740169733	31.609429116749745	18.61704566198822
50-54	18.364499704726228	31.246484267248565	31.624468671781912	18.764547356243295
55-59	18.36367285780032	31.32338770935207	31.664564649829895	18.648374783017715
60-64	18.27689637716106	31.37769965300797	31.726152406524065	18.619251563306907
65-69	18.230150206978863	31.36311714077581	31.70813287323918	18.69859977900615
70-74	18.21042457912817	31.37015383958862	31.790650604369812	18.62877097691339
75-79	18.05024558172667	31.414441084628837	31.901154657805574	18.63415867583892
80-84	18.009045891974186	31.357703045187378	32.01709689439554	18.616154168442893
85-89	17.89376869878641	31.3918259485149	32.130964746406725	18.583440606291965
90-94	17.759982998911983	31.400954930869098	32.35774062096819	18.481321449250732
95-99	17.637019625533608	31.36938246859873	32.48503007715504	18.50856782871263
100-104	17.487468716354485	31.420200672646015	32.73343150027992	18.35889911071958
105-109	17.259017897414555	31.430726555697536	33.109728935001705	18.200526611886204
110-114	17.007514210744954	31.379323037444852	33.529680869524064	18.08348188228613
115-119	16.75337448883896	31.298346917700005	33.95083535171522	17.997443241745813
120-124	16.5483282568153	31.423305602488178	34.40476120877643	17.62360493192009
125-129	16.352270411173446	31.32314607223694	34.816994024951455	17.50758949163815
130-134	15.984208690505131	31.498588929171646	35.294739401114064	17.222462979209165
135-139	15.830840389009705	31.2388921392222	35.97567033525041	16.95459713651768
140-144	15.286309920311844	31.078380578787655	36.79471048281647	16.840599018084028
145-149	15.258423002293172	31.075439524901512	37.25524783912507	16.410889633680252
150-151	13.963328631875882	22.661024917724497	47.484720263281616	15.890926187118007
>>END_MODULE
>>Per sequence GC content	pass
#GC Content	Count
0	0.0
1	0.0
2	0.0
3	0.5
4	1.5
5	2.5
6	4.5
7	8.5
8	14.5
9	38.5
10	93.5
11	147.0
12	239.0
13	413.5
14	778.5
15	1405.0
16	2217.5
17	3270.0
18	4696.5
19	6731.0
20	9436.5
21	12884.0
22	17468.0
23	22859.5
24	29402.5
25	37567.5
26	47524.5
27	58748.5
28	72300.0
29	88416.0
30	106372.0
31	125540.0
32	144610.5
33	162299.5
34	180485.0
35	197609.5
36	209224.5
37	216979.0
38	221077.5
39	219254.0
40	212137.0
41	199453.5
42	181793.0
43	162119.0
44	140542.5
45	117638.5
46	95536.5
47	76599.5
48	60709.0
49	46619.0
50	36101.0
51	28048.5
52	20731.0
53	15137.0
54	10823.0
55	7879.0
56	5782.0
57	4210.0
58	3154.5
59	2374.0
60	1712.0
61	1221.0
62	865.5
63	596.0
64	391.5
65	259.0
66	163.5
67	109.5
68	80.5
69	56.5
70	39.5
71	23.5
72	12.0
73	6.5
74	6.5
75	6.5
76	6.0
77	4.0
78	2.0
79	1.0
80	1.5
81	1.5
82	0.5
83	0.5
84	1.0
85	0.5
86	0.0
87	0.0
88	0.0
89	0.0
90	0.0
91	0.0
92	0.0
93	0.0
94	0.0
95	0.0
96	0.0
97	0.0
98	0.0
99	0.0
100	0.0
>>END_MODULE
>>Per base N content	pass
#Base	N-Count
1	0.0
2	0.0
3	0.0
4	0.0
5	0.0
6	0.0
7	0.0
8	0.0
9	0.0
10-14	0.0
15-19	0.0
20-24	0.0
25-29	0.0
30-34	0.0
35-39	0.0
40-44	0.0
45-49	0.0
50-54	0.0
55-59	0.0
60-64	0.0
65-69	0.0
70-74	0.0
75-79	0.0
80-84	0.0
85-89	0.0
90-94	0.0
95-99	0.0
100-104	0.0
105-109	0.0
110-114	0.0
115-119	0.0
120-124	0.0
125-129	0.0
130-134	0.0
135-139	0.0
140-144	0.0
145-149	0.0
150-151	0.0
>>END_MODULE
>>Sequence Length Distribution	warn
#Length	Count
35-39	19292.0
40-44	31180.0
45-49	65954.0
50-54	62780.0
55-59	77361.0
60-64	107252.0
65-69	136704.0
70-74	175702.0
75-79	219395.0
80-84	265860.0
85-89	294132.0
90-94	301987.0
95-99	288229.0
100-104	258929.0
105-109	212025.0
110-114	164302.0
115-119	115636.0
120-124	75591.0
125-129	45497.0
130-134	25102.0
135-139	13029.0
140-144	6290.0
145-149	3024.0
150-152	1692.0
>>END_MODULE
>>Sequence Duplication Levels	pass
#Total Deduplicated Percentage	76.98832831233605
#Duplication Level	Percentage of deduplicated	Percentage of total
1	81.06535622609663	62.41086259891201
2	13.674698875756622	21.055844132381672
3	3.2270371053242535	7.453325764223825
4	0.9646732596597694	2.970743265152709
5	0.3835801686005916	1.476559797716178
6	0.21247430932335656	0.9814825130474051
7	0.13662707535252588	0.7363083093516177
8	0.08914494694088235	0.5490496353976342
9	0.05859331280652533	0.40599010829305576
>10	0.1878147201388857	1.959833875523905
>50	0.0	0.0
>100	0.0	0.0
>500	0.0	0.0
>1k	0.0	0.0
>5k	0.0	0.0
>10k+	0.0	0.0
>>END_MODULE
>>Overrepresented sequences	pass
>>END_MODULE
>>Adapter Content	pass
#Position	Illumina Universal Adapter	Illumina Small RNA 3' Adapter	Illumina Small RNA 5' Adapter	Nextera Transposase Sequence	SOLID Small RNA Adapter
1	0.0	0.0	0.0	0.0	0.0
2	0.0	0.0	0.0	0.0	0.0
3	0.0	0.0	0.0	0.0	0.0
4	0.0	0.0	0.0	0.0	0.0
5	0.0	0.0	0.0	0.0	0.0
6	0.0	0.0	0.0	0.0	0.0
7	0.0	0.0	0.0	0.0	0.0
8	0.0	0.0	0.0	0.0	0.0
9	0.0	0.0	0.0	0.0	0.0
10-11	0.0	0.0	0.0	0.0	0.0
12-13	0.0	0.0	0.0	0.0	0.0
14-15	0.0	0.0	0.0	0.0	0.0
16-17	0.0	0.0	0.0	0.0	0.0
18-19	0.0	0.0	0.0	0.0	0.0
20-21	0.0	0.0	0.0	0.0	0.0
22-23	0.0	0.0	0.0	0.0	0.0
24-25	0.0	0.0	0.0	0.0	0.0
26-27	0.0	0.0	0.0	0.0	0.0
28-29	0.0	0.0	0.0	0.0	0.0
30-31	0.0	0.0	0.0	0.0	0.0
32-33	0.0	0.0	0.0	0.0	0.0
34-35	0.0	0.0	0.0	0.0	0.0
36-37	0.0	0.0	0.0	0.0	0.0
38-39	0.0	0.0	0.0	0.0	0.0
40-41	0.0	0.0	0.0	0.0	0.0
42-43	0.0	0.0	0.0	0.0	0.0
44-45	1.6852351492865555E-5	0.0	0.0	0.0	0.0
46-47	3.370470298573111E-5	0.0	0.0	0.0	0.0
48-49	5.0557054478596666E-5	0.0	0.0	0.0	0.0
50-51	6.740940597146222E-5	0.0	0.0	0.0	0.0
52-53	6.740940597146222E-5	0.0	0.0	0.0	0.0
54-55	6.740940597146222E-5	0.0	0.0	0.0	0.0
56-57	8.426175746432778E-5	0.0	0.0	0.0	0.0
58-59	1.1796646045005889E-4	0.0	0.0	0.0	0.0
60-61	1.3481881194292444E-4	0.0	0.0	0.0	0.0
62-63	1.3481881194292444E-4	0.0	0.0	0.0	0.0
64-65	1.3481881194292444E-4	0.0	0.0	0.0	0.0
66-67	1.3481881194292444E-4	0.0	0.0	0.0	0.0
68-69	1.3481881194292444E-4	0.0	0.0	0.0	0.0
70-71	1.5167116343579E-4	0.0	0.0	0.0	0.0
72-73	1.6852351492865558E-4	0.0	0.0	0.0	0.0
74-75	1.6852351492865558E-4	0.0	0.0	0.0	0.0
76-77	1.6852351492865558E-4	0.0	0.0	0.0	0.0
78-79	1.6852351492865558E-4	0.0	0.0	0.0	0.0
80-81	1.6852351492865558E-4	0.0	0.0	0.0	0.0
82-83	1.6852351492865558E-4	0.0	0.0	0.0	0.0
84-85	1.6852351492865558E-4	0.0	0.0	0.0	0.0
86-87	1.6852351492865558E-4	0.0	0.0	0.0	0.0
88-89	1.6852351492865558E-4	0.0	0.0	0.0	0.0
90-91	1.6852351492865558E-4	0.0	0.0	0.0	0.0
92-93	1.6852351492865558E-4	0.0	0.0	0.0	0.0
94-95	1.6852351492865558E-4	0.0	0.0	0.0	0.0
96-97	1.6852351492865558E-4	0.0	0.0	0.0	0.0
98-99	1.6852351492865558E-4	0.0	0.0	0.0	0.0
100-101	1.6852351492865558E-4	0.0	0.0	0.0	0.0
102-103	1.6852351492865558E-4	0.0	0.0	0.0	0.0
104-105	1.6852351492865558E-4	0.0	0.0	0.0	0.0
106-107	1.6852351492865558E-4	0.0	0.0	0.0	0.0
108-109	1.6852351492865558E-4	0.0	0.0	0.0	0.0
110-111	1.6852351492865558E-4	0.0	0.0	0.0	0.0
112-113	1.6852351492865558E-4	0.0	0.0	0.0	0.0
114-115	1.6852351492865558E-4	0.0	0.0	0.0	0.0
116-117	1.6852351492865558E-4	0.0	0.0	0.0	0.0
118-119	1.6852351492865558E-4	0.0	0.0	0.0	0.0
120-121	1.6852351492865558E-4	0.0	0.0	0.0	0.0
122-123	1.6852351492865558E-4	0.0	0.0	0.0	0.0
124-125	1.6852351492865558E-4	0.0	0.0	0.0	0.0
126-127	1.6852351492865558E-4	0.0	0.0	0.0	0.0
128-129	1.6852351492865558E-4	0.0	0.0	0.0	0.0
130-131	1.6852351492865558E-4	0.0	0.0	0.0	0.0
132-133	1.6852351492865558E-4	0.0	0.0	0.0	0.0
134-135	1.6852351492865558E-4	0.0	0.0	0.0	0.0
136-137	1.6852351492865558E-4	0.0	0.0	0.0	0.0
138-139	1.6852351492865558E-4	0.0	0.0	0.0	0.0
>>END_MODULE
>>Kmer Content	warn
#Sequence	Count	PValue	Obs/Exp Max	Max Obs/Exp Position
AGTGGCT	845	0.0012722821	2429.178	145
TAGCGTT	1175	0.0024598402	1746.9407	145
AATGGTC	1700	0.005148341	1207.4445	145
GCGCGCC	115	0.00640844	1127.3165	135-139
TTAAGTT	1960	0.0068430714	1047.2732	145
CCTGGGC	130	0.00818861	997.2416	135-139
TTCTTAC	2085	0.007743483	984.487	145
TAGCCGT	850	0.0044882856	168.4806	135-139
TAAATTT	5475	1.148506E-4	37.304897	135-139
CCCAAGA	940	0.0021371995	5.7408986	1
>>END_MODULE
