##FastQC	0.11.5
>>Basic Statistics	pass
#Measure	Value
Filename	SRR3306349_2_trimmed.fastq.gz
File type	Conventional base calls
Encoding	Sanger / Illumina 1.9
Total Sequences	3555858
Sequences flagged as poor quality	0
Sequence length	36-151
%GC	36
>>END_MODULE
>>Per base sequence quality	pass
#Base	Mean	Median	Lower Quartile	Upper Quartile	10th Percentile	90th Percentile
1	32.54250394700801	33.0	32.0	33.0	32.0	34.0
2	32.555972145119405	33.0	32.0	33.0	32.0	34.0
3	32.78909197161416	33.0	32.0	33.0	32.0	34.0
4	32.95594424749245	33.0	33.0	33.0	32.0	34.0
5	33.150003177854686	33.0	33.0	33.0	32.0	34.0
6	35.81931730682159	37.0	34.0	37.0	33.0	37.0
7	35.85697966566719	37.0	35.0	37.0	33.0	37.0
8	35.72347067852541	37.0	35.0	37.0	33.0	37.0
9	36.010260533463374	37.0	37.0	37.0	33.0	37.0
10-14	36.364775815007235	37.4	36.2	37.4	33.8	37.4
15-19	37.30161508136714	38.0	37.6	38.0	36.0	38.0
20-24	37.44147775304863	38.2	37.2	38.4	36.0	38.4
25-29	37.84484116069877	38.8	37.8	39.0	36.4	39.0
30-34	37.590782871531985	38.4	37.4	39.0	35.6	39.0
35-39	37.091884411606586	38.0	37.0	39.0	34.0	39.0
40-44	37.42721877915094	38.4	37.2	39.0	35.0	39.0
45-49	37.14214502412624	38.0	37.0	39.0	34.8	39.0
50-54	37.12770271713013	38.0	37.0	39.0	34.6	39.0
55-59	37.13636244955266	38.0	37.0	39.0	35.0	39.0
60-64	37.08031393410868	38.0	37.0	39.0	34.2	39.0
65-69	36.988861191210574	38.0	37.0	39.0	34.0	39.0
70-74	36.890732495218266	38.0	37.0	39.0	33.6	39.0
75-79	36.73632798746475	38.0	37.0	39.0	33.0	39.0
80-84	36.632674865745585	38.0	37.0	39.0	33.0	39.0
85-89	36.47805548860917	38.0	36.4	39.0	33.0	39.0
90-94	36.3149621798787	38.0	36.0	39.0	33.0	39.0
95-99	36.14236452602496	37.4	36.0	39.0	33.0	39.0
100-104	36.00915382136186	37.0	36.0	39.0	33.0	39.0
105-109	35.85712075321544	37.0	36.0	39.0	32.0	39.0
110-114	35.721561632462624	37.0	36.0	39.0	31.8	39.0
115-119	35.58982690956556	37.0	35.2	38.6	31.2	39.0
120-124	35.48257133827997	37.0	35.0	38.0	30.8	39.0
125-129	35.37069795584082	37.0	35.0	38.0	30.0	39.0
130-134	35.30285779161101	37.0	35.0	38.0	30.0	39.0
135-139	35.17800192952955	37.0	34.6	38.0	30.0	39.0
140-144	35.107537936648626	37.0	34.0	38.0	30.0	39.0
145-149	35.022635240978005	37.0	34.0	38.0	30.0	39.0
150-151	36.206719411017644	37.0	35.0	38.5	32.0	39.0
>>END_MODULE
>>Per sequence quality scores	pass
#Quality	Count
31	1.0
32	82.0
33	5547.0
34	89333.0
35	584631.0
36	1735852.0
37	1129197.0
38	11215.0
>>END_MODULE
>>Per base sequence content	fail
#Base	G	A	T	C
1	21.925903677818408	23.765319087545116	25.918498432727066	28.390278801909414
2	19.34410766684159	33.292893023287206	29.018369124976306	18.344630184894896
3	13.410574887973592	33.51787388585258	33.30971034276397	19.761840883409853
4	16.790940470626218	35.35222722617157	30.24454294856544	17.612289354636772
5	18.195158524328026	35.69073905650901	29.09964346157805	17.01445895758492
6	18.04101851086292	37.004571048675174	28.58677146275245	16.367638977709458
7	16.729436327322407	33.054216450713156	33.66489887953906	16.551448342425374
8	17.99205705064713	32.320300754417076	31.246017135667397	18.441625059268397
9	17.350608488865415	30.17648623763941	33.899132080077436	18.573773193417733
10-14	18.71540989544577	31.795949107079082	30.675775016887624	18.812865980587524
15-19	18.518489770963857	31.66280543261289	30.98105717382415	18.837647622599103
20-24	18.30236752986199	31.602668048049164	31.39925722568224	18.695707196406605
25-29	18.237111830674905	31.78300145843844	31.501173556424355	18.478713154462298
30-34	18.15832353260451	31.67800288987918	31.628844571408642	18.534829006107667
35-39	18.313751656853285	31.61555707764694	31.472724996196355	18.597966269303416
40-44	18.38036100312676	31.620978629935237	31.46393791152039	18.534722455417608
45-49	18.243467781555136	31.69134944552063	31.55174867470737	18.51343409821687
50-54	18.230607675468	31.743107582821196	31.477517820192425	18.548766921518382
55-59	18.24874552054046	31.68594134857768	31.542484691513735	18.522828439368126
60-64	18.186264946068732	31.723748958691406	31.59365893388581	18.496327161354056
65-69	18.168801440683055	31.70809659448376	31.58444937392899	18.538652590904196
70-74	18.12451519757314	31.69971891805986	31.65199513730635	18.52377074706065
75-79	17.97260395366927	31.745470232605467	31.76843497582702	18.513490837898246
80-84	17.931142771753848	31.695023488647934	31.871877130555788	18.50195660904243
85-89	17.851792314515848	31.77447019936736	31.867599296321753	18.50613818979504
90-94	17.679249166453353	31.752069781483446	32.134680555745526	18.434000496317672
95-99	17.559942456696522	31.751310112453552	32.24409385968333	18.444653571166594
100-104	17.40323794818982	31.83186060624474	32.411213759267355	18.353687686298095
105-109	17.23886770611105	31.828658239514525	32.63440576640401	18.298068287970416
110-114	17.049080657403533	31.769018077048187	32.91408174171662	18.26781952383165
115-119	16.860686259162954	31.763374248033895	33.20026434357865	18.1756751492245
120-124	16.602557200977465	31.87137651016127	33.46372731019737	18.06233897866389
125-129	16.332129963898918	31.906313286959588	33.85101699392445	17.910539755217048
130-134	15.912422735622691	31.86643210607883	34.41308991688657	17.80805524141191
135-139	15.857979955385257	31.851511884812844	34.80430350834125	17.486204651460653
140-144	15.40645862912727	31.874251074927752	35.15794137490057	17.561348921044416
145-149	15.338832619818316	31.659183460373814	35.6186697295604	17.383314190247468
150-151	13.779645752026418	22.90603422395677	45.64695286700691	17.667367157009906
>>END_MODULE
>>Per sequence GC content	pass
#GC Content	Count
0	0.0
1	0.5
2	1.0
3	3.5
4	12.0
5	25.0
6	48.5
7	101.5
8	174.5
9	302.5
10	529.0
11	826.5
12	1275.5
13	1955.0
14	2913.0
15	4339.5
16	6096.5
17	8206.0
18	11221.5
19	15073.5
20	19592.5
21	25546.5
22	32868.0
23	41523.0
24	51830.5
25	63635.5
26	78096.5
27	94313.0
28	113152.0
29	134379.5
30	156428.0
31	180095.0
32	204306.5
33	225835.0
34	245963.5
35	264715.5
36	277191.5
37	284488.5
38	287672.5
39	283799.0
40	273292.5
41	256901.5
42	235241.5
43	210864.5
44	184791.0
45	157966.0
46	131382.5
47	107513.5
48	87727.0
49	69807.5
50	55014.0
51	43041.0
52	32868.0
53	25497.0
54	19063.5
55	14015.5
56	10758.0
57	8315.5
58	6258.5
59	4616.5
60	3386.0
61	2505.5
62	1843.5
63	1293.0
64	848.5
65	571.0
66	371.5
67	268.0
68	198.5
69	123.5
70	76.5
71	42.0
72	18.0
73	12.0
74	9.5
75	7.0
76	5.0
77	3.0
78	1.5
79	0.5
80	0.0
81	0.0
82	0.0
83	0.0
84	0.0
85	0.0
86	0.0
87	0.0
88	0.0
89	0.0
90	0.0
91	0.0
92	0.0
93	0.0
94	0.0
95	0.0
96	0.0
97	0.0
98	0.0
99	3.0
100	12.0
>>END_MODULE
>>Per base N content	pass
#Base	N-Count
1	0.0
2	0.0
3	0.0
4	0.0
5	0.0
6	0.0
7	0.0
8	0.0
9	0.0
10-14	0.0
15-19	0.0
20-24	0.0
25-29	0.0
30-34	0.0
35-39	0.0
40-44	0.0
45-49	0.0
50-54	0.0
55-59	0.0
60-64	0.0
65-69	0.0
70-74	0.0
75-79	0.0
80-84	0.0
85-89	0.0
90-94	0.0
95-99	0.0
100-104	0.0
105-109	0.0
110-114	0.0
115-119	0.0
120-124	0.0
125-129	0.0
130-134	0.0
135-139	0.0
140-144	0.0
145-149	0.0
150-151	0.0
>>END_MODULE
>>Sequence Length Distribution	warn
#Length	Count
35-39	141227.0
40-44	159305.0
45-49	207671.0
50-54	198068.0
55-59	188960.0
60-64	195594.0
65-69	205643.0
70-74	215846.0
75-79	236404.0
80-84	234520.0
85-89	247547.0
90-94	241530.0
95-99	230148.0
100-104	204245.0
105-109	175588.0
110-114	144081.0
115-119	111299.0
120-124	80503.0
125-129	55521.0
130-134	35093.0
135-139	21579.0
140-144	12770.0
145-149	7453.0
150-152	5263.0
>>END_MODULE
>>Sequence Duplication Levels	pass
#Total Deduplicated Percentage	83.39047712707429
#Duplication Level	Percentage of deduplicated	Percentage of total
1	87.2571152298944	72.76412471752994
2	9.33028811382719	15.561143550902386
3	2.053257722613437	5.136664234607534
4	0.636481827729389	2.123060931882642
5	0.2628595842143485	1.0959993072529444
6	0.153905919318035	0.7700572826767162
7	0.08887416466600036	0.5187881297037557
8	0.05721296433841676	0.3816813115227888
9	0.041812245969216386	0.31380688270147894
>10	0.11815093868747445	1.3326422293573792
>50	4.1288742084332814E-5	0.002031421862409643
>100	0.0	0.0
>500	0.0	0.0
>1k	0.0	0.0
>5k	0.0	0.0
>10k+	0.0	0.0
>>END_MODULE
>>Overrepresented sequences	pass
>>END_MODULE
>>Adapter Content	pass
#Position	Illumina Universal Adapter	Illumina Small RNA 3' Adapter	Illumina Small RNA 5' Adapter	Nextera Transposase Sequence	SOLID Small RNA Adapter
1	0.0	0.0	0.0	0.0	0.0
2	0.0	0.0	0.0	0.0	0.0
3	0.0	2.8122607820672255E-5	0.0	0.0	0.0
4	0.0	2.8122607820672255E-5	0.0	0.0	0.0
5	0.0	2.8122607820672255E-5	0.0	0.0	0.0
6	0.0	2.8122607820672255E-5	0.0	0.0	0.0
7	0.0	2.8122607820672255E-5	0.0	0.0	0.0
8	0.0	2.8122607820672255E-5	0.0	0.0	0.0
9	0.0	2.8122607820672255E-5	0.0	0.0	0.0
10-11	0.0	2.8122607820672255E-5	0.0	0.0	0.0
12-13	0.0	2.8122607820672255E-5	0.0	0.0	0.0
14-15	0.0	2.8122607820672255E-5	0.0	0.0	0.0
16-17	0.0	2.8122607820672255E-5	0.0	0.0	0.0
18-19	0.0	2.8122607820672255E-5	0.0	0.0	0.0
20-21	0.0	2.8122607820672255E-5	0.0	0.0	0.0
22-23	0.0	2.8122607820672255E-5	0.0	0.0	0.0
24-25	0.0	5.624521564134451E-5	0.0	0.0	0.0
26-27	0.0	5.624521564134451E-5	0.0	0.0	0.0
28-29	0.0	5.624521564134451E-5	0.0	0.0	0.0
30-31	0.0	5.624521564134451E-5	0.0	0.0	0.0
32-33	0.0	5.624521564134451E-5	0.0	0.0	0.0
34-35	0.0	5.624521564134451E-5	0.0	0.0	0.0
36-37	0.0	5.624521564134451E-5	0.0	0.0	0.0
38-39	0.0	5.624521564134451E-5	0.0	0.0	0.0
40-41	0.0	5.624521564134451E-5	0.0	0.0	0.0
42-43	1.4061303910336128E-5	5.624521564134451E-5	0.0	0.0	0.0
44-45	2.8122607820672255E-5	5.624521564134451E-5	0.0	0.0	0.0
46-47	2.8122607820672255E-5	5.624521564134451E-5	0.0	0.0	0.0
48-49	2.8122607820672255E-5	5.624521564134451E-5	0.0	0.0	0.0
50-51	2.8122607820672255E-5	5.624521564134451E-5	0.0	0.0	0.0
52-53	5.624521564134451E-5	5.624521564134451E-5	0.0	0.0	0.0
54-55	5.624521564134451E-5	5.624521564134451E-5	0.0	0.0	0.0
56-57	5.624521564134451E-5	5.624521564134451E-5	0.0	0.0	0.0
58-59	8.436782346201676E-5	5.624521564134451E-5	0.0	0.0	0.0
60-61	8.436782346201676E-5	5.624521564134451E-5	0.0	0.0	0.0
62-63	9.842912737235289E-5	5.624521564134451E-5	0.0	0.0	0.0
64-65	1.1249043128268902E-4	5.624521564134451E-5	0.0	0.0	0.0
66-67	1.2655173519302514E-4	5.624521564134451E-5	0.0	0.0	0.0
68-69	1.4061303910336127E-4	5.624521564134451E-5	0.0	0.0	0.0
70-71	1.4061303910336127E-4	5.624521564134451E-5	0.0	0.0	0.0
72-73	1.687356469240335E-4	5.624521564134451E-5	0.0	0.0	0.0
74-75	1.687356469240335E-4	5.624521564134451E-5	0.0	0.0	0.0
76-77	1.9685825474470578E-4	5.624521564134451E-5	0.0	0.0	0.0
78-79	1.9685825474470578E-4	5.624521564134451E-5	0.0	0.0	0.0
80-81	1.9685825474470578E-4	5.624521564134451E-5	0.0	0.0	0.0
82-83	1.9685825474470578E-4	5.624521564134451E-5	0.0	0.0	0.0
84-85	1.9685825474470578E-4	5.624521564134451E-5	0.0	0.0	0.0
86-87	1.9685825474470578E-4	5.624521564134451E-5	0.0	0.0	0.0
88-89	1.9685825474470578E-4	5.624521564134451E-5	0.0	0.0	0.0
90-91	1.9685825474470578E-4	5.624521564134451E-5	0.0	0.0	0.0
92-93	1.9685825474470578E-4	5.624521564134451E-5	0.0	0.0	0.0
94-95	1.9685825474470578E-4	5.624521564134451E-5	0.0	0.0	0.0
96-97	1.9685825474470578E-4	5.624521564134451E-5	0.0	0.0	0.0
98-99	1.9685825474470578E-4	5.624521564134451E-5	0.0	0.0	0.0
100-101	1.9685825474470578E-4	5.624521564134451E-5	0.0	0.0	0.0
102-103	1.9685825474470578E-4	5.624521564134451E-5	0.0	0.0	0.0
104-105	1.9685825474470578E-4	5.624521564134451E-5	0.0	0.0	0.0
106-107	1.9685825474470578E-4	5.624521564134451E-5	0.0	0.0	0.0
108-109	1.9685825474470578E-4	5.624521564134451E-5	0.0	0.0	0.0
110-111	1.9685825474470578E-4	5.624521564134451E-5	0.0	0.0	0.0
112-113	1.9685825474470578E-4	5.624521564134451E-5	0.0	0.0	0.0
114-115	1.9685825474470578E-4	5.624521564134451E-5	0.0	0.0	0.0
116-117	1.9685825474470578E-4	5.624521564134451E-5	0.0	0.0	0.0
118-119	1.9685825474470578E-4	5.624521564134451E-5	0.0	0.0	0.0
120-121	1.9685825474470578E-4	5.624521564134451E-5	0.0	0.0	0.0
122-123	1.9685825474470578E-4	5.624521564134451E-5	0.0	0.0	0.0
124-125	1.9685825474470578E-4	5.624521564134451E-5	0.0	0.0	0.0
126-127	1.9685825474470578E-4	5.624521564134451E-5	0.0	0.0	0.0
128-129	1.9685825474470578E-4	5.624521564134451E-5	0.0	0.0	0.0
130-131	1.9685825474470578E-4	5.624521564134451E-5	0.0	0.0	0.0
132-133	1.9685825474470578E-4	5.624521564134451E-5	0.0	0.0	0.0
134-135	1.9685825474470578E-4	5.624521564134451E-5	0.0	0.0	0.0
136-137	1.9685825474470578E-4	5.624521564134451E-5	0.0	0.0	0.0
138-139	1.9685825474470578E-4	5.624521564134451E-5	0.0	0.0	0.0
>>END_MODULE
>>Kmer Content	warn
#Sequence	Count	PValue	Obs/Exp Max	Max Obs/Exp Position
TGGGGGT	195	5.0581666E-4	3964.4373	145
CTGAGTG	360	0.001723736	2147.4036	145
CGTGGTT	650	0.00561811	1189.3312	145
GACGCTT	690	0.00633064	1120.3845	145
GCCATGT	765	0.007781186	1010.54285	145
TAAACCC	825	0.005434162	158.11246	140-144
TAACCAC	780	0.00223363	69.86396	125-129
CGTGGGT	320	4.8756957E-4	36.424915	130-134
TAGGCCT	160	8.522462E-5	26.317907	105-109
TTTTTCC	10455	0.0076046945	18.19127	140-144
AATTCCT	3395	0.0022524279	9.294164	130-134
TTTTTAA	11030	0.0050343876	7.073243	130-134
GTCAGCG	705	0.0019969577	6.2909145	1
>>END_MODULE
